zone,methane,co,temperature,humidity,ventilation,worker_count,equipment_status,previous_incidents,risk_level,anomaly,anomaly_status
Zone B,0.97,20.6,27.2,70.12,Good,41,Normal,3,Medium,1,Normal
Zone B,0.5,20.24,33.51,73.12,Reduced,46,Fault,0,High,1,Normal
Zone B,2.39,20.41,36.1,66.87,Normal,5,Fault,3,High,1,Normal
Zone E,0.48,11.28,29.58,51.87,Normal,40,Fault,4,Medium,1,Normal
Zone C,0.52,29.07,42.46,83.94,Normal,28,Normal,3,Medium,1,Normal
Zone D,1.4,19.55,37.37,83.67,Reduced,44,Fault,3,High,1,Normal
Zone E,1.94,12.03,38.34,84.07,Good,9,Normal,2,High,1,Normal
Zone B,2.05,6.66,44.42,56.69,Good,23,Normal,1,Medium,1,Normal
Zone A,0.61,27.46,30.25,42.61,Good,11,Fault,4,Medium,1,Normal
Zone C,1.34,20.24,44.71,85.92,Poor,47,Normal,0,High,-1,Anomaly
Zone C,0.52,26.63,25.1,73.54,Reduced,22,Normal,0,Low,1,Normal
Zone A,1.01,2.35,37.07,53.59,Reduced,15,Normal,2,Medium,1,Normal
Zone C,0.27,10.95,43.56,84.2,Normal,22,Normal,2,Medium,1,Normal
Zone D,0.31,7.55,40.68,63.56,Poor,38,Normal,4,High,1,Normal
Zone B,2.38,24.93,25.04,81.09,Normal,35,Normal,0,Medium,1,Normal
Zone D,2.45,10.63,33.86,58.07,Poor,19,Normal,0,High,1,Normal
Zone C,0.51,16.81,36.47,59.68,Reduced,8,Normal,2,Medium,1,Normal
Zone C,2.49,10.28,36.99,85.79,Reduced,38,Normal,2,High,1,Normal
Zone A,2.26,7.18,32.53,66.8,Poor,12,Normal,4,High,1,Normal
Zone D,0.87,26.67,25.97,58.3,Poor,16,Normal,0,Medium,1,Normal
Zone A,0.63,24.85,30.3,77.69,Poor,7,Normal,4,High,1,Normal
Zone C,2.19,17.43,35.34,47.92,Good,40,Normal,3,Medium,1,Normal
Zone E,0.72,29.92,28.54,59.86,Poor,28,Normal,1,Medium,1,Normal
Zone E,2.46,16.54,33.32,87.04,Reduced,13,Normal,3,High,1,Normal
Zone B,2.01,21.99,44.66,63.39,Reduced,31,Fault,4,High,1,Normal
Zone E,0.26,5.61,42.36,87.5,Normal,32,Fault,0,Medium,-1,Anomaly
Zone D,1.47,11.37,34.08,76.33,Normal,35,Normal,2,Medium,1,Normal
Zone D,0.61,24.1,44.58,66.06,Good,17,Normal,3,Medium,1,Normal
Zone E,0.57,11.58,43.49,70.59,Reduced,36,Normal,1,Medium,1,Normal
Zone C,1.6,26.17,44.5,74.81,Normal,36,Normal,1,High,1,Normal
Zone B,2.42,18.9,29.85,70.82,Reduced,43,Normal,4,High,1,Normal
Zone B,0.42,12.97,27.72,67.47,Good,9,Normal,3,Low,1,Normal
Zone E,2.09,20.37,28.83,64.65,Good,24,Normal,3,Medium,1,Normal
Zone D,2.02,13.77,30.88,44.31,Poor,37,Normal,4,High,1,Normal
Zone D,1.88,10.92,24.46,60.7,Normal,17,Normal,3,Medium,1,Normal
Zone D,1.56,13.63,42.41,58.42,Good,36,Fault,3,High,1,Normal
Zone B,0.84,16.43,24.91,49.58,Poor,42,Fault,1,Medium,1,Normal
Zone B,0.73,19.72,35.3,44.85,Normal,27,Normal,1,Low,1,Normal
Zone E,2.14,2.21,36.13,40.91,Poor,17,Normal,4,High,-1,Anomaly
Zone B,0.47,16.05,31.19,50.25,Normal,20,Normal,0,Low,1,Normal
Zone C,1.64,21.27,35.17,45.71,Reduced,44,Normal,1,High,1,Normal
Zone A,0.69,18.21,32.48,49.84,Normal,44,Fault,4,Medium,1,Normal
Zone A,0.29,9.45,38.5,47.03,Reduced,9,Fault,0,Medium,-1,Anomaly
Zone D,1.32,28.22,43.86,85.29,Normal,25,Normal,4,High,1,Normal
Zone A,0.29,26.85,34.0,63.81,Reduced,28,Normal,3,Medium,1,Normal
Zone D,1.05,13.95,27.28,40.43,Poor,31,Normal,2,Medium,1,Normal
Zone B,1.91,22.43,25.8,83.3,Good,38,Normal,1,High,1,Normal
Zone C,2.07,17.92,33.12,47.34,Good,15,Fault,1,Medium,1,Normal
Zone A,0.99,28.41,33.69,78.8,Reduced,33,Normal,3,High,1,Normal
Zone A,1.34,8.58,38.96,48.07,Normal,35,Normal,3,Medium,1,Normal
Zone B,0.45,13.07,43.48,84.88,Poor,22,Fault,2,High,1,Normal
Zone A,1.09,3.22,26.13,87.49,Normal,33,Normal,3,Medium,1,Normal
Zone E,1.43,13.77,32.5,69.5,Poor,32,Normal,2,Medium,1,Normal
Zone D,2.49,15.97,36.33,84.93,Normal,20,Normal,0,Medium,1,Normal
Zone D,0.34,28.2,29.47,43.55,Good,16,Normal,4,Medium,-1,Anomaly
Zone B,1.61,7.96,32.95,79.7,Poor,43,Normal,1,High,1,Normal
Zone A,0.71,27.32,42.42,84.92,Reduced,42,Fault,1,High,1,Normal
Zone E,0.93,4.56,40.1,86.61,Poor,43,Normal,3,High,1,Normal
Zone B,0.27,24.93,39.89,65.56,Normal,16,Normal,3,Medium,1,Normal
Zone A,1.54,9.57,44.27,41.01,Normal,41,Normal,0,Medium,-1,Anomaly
Zone C,1.03,17.65,43.92,44.24,Poor,21,Normal,4,High,1,Normal
Zone E,1.53,23.53,42.06,55.17,Poor,22,Normal,3,High,1,Normal
Zone D,1.26,12.81,33.73,49.62,Normal,43,Normal,4,Medium,1,Normal
Zone E,1.74,9.91,24.45,70.64,Poor,39,Normal,3,High,1,Normal
Zone D,1.2,20.44,29.15,76.37,Good,12,Normal,0,Medium,1,Normal
Zone E,1.07,4.73,36.62,84.29,Poor,50,Normal,2,High,1,Normal
Zone D,2.36,8.42,28.52,63.88,Good,14,Fault,0,Medium,1,Normal
Zone B,1.71,24.73,37.32,67.59,Good,6,Normal,3,Medium,1,Normal
Zone A,1.04,26.25,27.42,71.92,Poor,31,Normal,2,High,1,Normal
Zone A,2.15,5.31,39.61,55.0,Normal,9,Fault,4,High,1,Normal
Zone A,2.14,29.64,36.27,56.44,Normal,23,Normal,0,Medium,1,Normal
Zone A,1.25,11.36,31.41,81.59,Poor,24,Normal,4,High,1,Normal
Zone C,0.82,14.74,33.44,70.96,Reduced,40,Normal,3,Medium,1,Normal
Zone A,1.15,22.09,45.0,44.36,Normal,15,Normal,0,Medium,1,Normal
Zone D,1.43,23.67,30.4,82.82,Normal,49,Normal,1,Medium,1,Normal
Zone D,2.16,5.73,36.11,49.98,Reduced,17,Normal,0,Medium,1,Normal
Zone B,0.79,10.65,44.88,44.79,Reduced,21,Normal,0,Medium,1,Normal
Zone A,2.5,29.26,43.78,52.03,Poor,34,Normal,3,High,-1,Anomaly
Zone A,0.49,17.17,24.58,49.71,Poor,11,Normal,0,Low,1,Normal
Zone E,1.16,26.77,36.14,63.56,Normal,41,Normal,3,High,1,Normal
Zone B,2.38,19.24,32.72,44.95,Poor,37,Normal,4,High,1,Normal
Zone E,0.25,17.04,24.9,84.46,Normal,32,Normal,1,Low,1,Normal
Zone C,1.92,10.98,39.77,46.89,Reduced,50,Fault,0,High,-1,Anomaly
Zone C,0.62,10.52,36.49,53.07,Normal,25,Fault,4,Medium,1,Normal
Zone A,0.36,29.18,28.98,42.85,Good,38,Fault,4,Medium,1,Normal
Zone D,0.64,2.33,33.38,73.21,Normal,36,Normal,1,Low,1,Normal
Zone E,0.54,29.75,26.93,67.61,Reduced,11,Normal,4,Medium,-1,Anomaly
Zone A,0.35,27.87,36.08,86.38,Reduced,26,Normal,1,Medium,1,Normal
Zone C,2.03,25.31,28.73,63.72,Good,34,Normal,0,Medium,1,Normal
Zone E,0.32,13.54,29.16,82.62,Poor,21,Normal,0,Medium,1,Normal
Zone D,0.42,27.72,37.57,51.41,Reduced,5,Normal,3,Medium,-1,Anomaly
Zone E,0.96,19.7,27.48,73.66,Good,49,Fault,0,Low,1,Normal
Zone E,0.25,22.82,39.8,49.72,Normal,40,Normal,2,Medium,1,Normal
Zone A,2.44,27.33,24.18,79.78,Good,37,Normal,2,High,1,Normal
Zone B,1.31,28.18,38.11,64.91,Good,11,Normal,2,Medium,1,Normal
Zone C,2.13,19.64,34.34,47.43,Normal,48,Fault,4,High,1,Normal
Zone E,0.22,3.32,29.5,43.61,Normal,49,Normal,1,Low,-1,Anomaly
Zone A,1.14,12.03,36.6,58.01,Poor,10,Normal,4,High,1,Normal
Zone E,0.25,13.07,39.32,79.76,Good,5,Normal,1,Medium,1,Normal
Zone D,0.65,27.36,43.27,89.06,Good,21,Fault,2,Medium,1,Normal
Zone A,0.26,23.14,39.73,76.02,Good,10,Normal,3,Medium,1,Normal
Zone B,1.32,23.85,33.55,53.38,Reduced,17,Fault,3,High,1,Normal
Zone E,1.28,13.09,37.24,79.05,Normal,5,Fault,2,High,1,Normal
Zone A,0.92,21.21,40.38,56.4,Normal,20,Fault,4,High,1,Normal
Zone B,2.14,20.34,26.15,64.4,Good,40,Normal,0,Medium,1,Normal
Zone B,1.28,28.69,40.35,58.92,Normal,50,Normal,1,Medium,1,Normal
Zone B,1.21,6.9,41.79,59.72,Poor,25,Fault,4,High,1,Normal
Zone B,2.37,26.46,41.33,49.35,Reduced,47,Normal,1,High,-1,Anomaly
Zone B,2.36,15.18,27.6,64.47,Reduced,19,Normal,2,Medium,1,Normal
Zone B,0.6,7.68,24.56,50.62,Good,12,Normal,0,Low,1,Normal
Zone C,1.7,7.48,32.6,69.09,Poor,22,Fault,1,High,1,Normal
Zone E,0.59,14.19,41.56,52.58,Good,18,Normal,0,Low,1,Normal
Zone E,0.24,14.23,34.89,42.65,Reduced,43,Normal,2,Medium,1,Normal
Zone B,0.26,8.81,24.01,74.19,Good,49,Normal,1,Low,-1,Anomaly
Zone D,0.69,10.66,24.53,76.82,Reduced,28,Normal,0,Medium,1,Normal
Zone E,1.51,23.71,28.52,75.67,Reduced,37,Fault,3,High,1,Normal
Zone D,1.76,19.95,43.93,79.86,Good,16,Normal,1,Medium,1,Normal
Zone D,0.39,21.72,41.92,76.54,Reduced,37,Normal,2,High,1,Normal
Zone C,2.43,24.69,26.68,68.74,Normal,7,Normal,0,Medium,-1,Anomaly
Zone A,0.66,18.52,43.47,80.38,Normal,40,Normal,1,Medium,1,Normal
Zone D,0.74,27.41,36.55,57.69,Reduced,39,Normal,4,High,1,Normal
Zone C,1.89,25.71,43.03,78.68,Poor,18,Fault,4,High,1,Normal
Zone A,1.29,3.21,41.93,69.4,Poor,17,Normal,1,Medium,1,Normal
Zone B,1.22,8.58,37.63,82.99,Good,13,Fault,2,Medium,1,Normal
Zone D,0.96,22.69,24.7,43.83,Good,50,Normal,0,Low,-1,Anomaly
Zone C,0.62,15.81,24.53,43.98,Normal,14,Normal,4,Low,1,Normal
Zone A,0.82,17.74,38.06,74.67,Good,18,Normal,3,Medium,1,Normal
Zone A,2.02,17.45,27.34,64.37,Normal,38,Normal,2,Medium,1,Normal
Zone B,0.6,14.05,25.75,58.58,Normal,26,Normal,3,Low,1,Normal
Zone A,2.42,9.8,25.9,81.85,Good,11,Normal,4,Medium,-1,Anomaly
Zone B,1.92,15.21,32.61,72.48,Poor,48,Normal,0,Medium,1,Normal
Zone E,0.34,12.33,42.88,64.61,Good,24,Normal,1,Low,1,Normal
Zone E,1.36,3.8,36.91,61.99,Good,17,Normal,1,Low,1,Normal
Zone B,1.09,4.79,28.76,79.69,Good,26,Fault,1,Medium,1,Normal
Zone B,0.58,10.65,25.39,78.53,Reduced,18,Normal,3,Medium,1,Normal
Zone A,2.49,23.94,31.48,59.61,Reduced,31,Fault,0,High,1,Normal
Zone D,1.27,27.65,27.98,66.38,Reduced,26,Normal,2,Medium,1,Normal
Zone C,1.24,27.02,35.98,60.2,Normal,38,Fault,1,High,1,Normal
Zone C,0.22,26.02,40.65,86.6,Reduced,50,Normal,1,High,-1,Anomaly
Zone A,1.17,4.3,42.23,82.83,Poor,7,Normal,2,High,1,Normal
Zone E,1.54,7.15,39.88,87.76,Good,24,Fault,1,Medium,1,Normal
Zone C,2.4,25.55,26.22,60.43,Poor,25,Normal,1,High,1,Normal
Zone B,1.98,21.28,42.75,57.18,Poor,46,Normal,1,High,1,Normal
Zone E,0.77,14.72,36.25,43.66,Poor,9,Normal,4,Medium,1,Normal
Zone E,0.45,19.94,31.4,46.56,Good,26,Fault,0,Low,1,Normal
Zone D,0.25,2.13,32.64,53.65,Good,16,Normal,4,Low,1,Normal
Zone B,1.58,28.54,40.08,57.29,Reduced,35,Fault,1,High,1,Normal
Zone A,0.44,5.42,29.93,80.64,Reduced,15,Normal,4,Medium,1,Normal
Zone D,1.09,12.4,39.76,71.07,Reduced,16,Fault,1,High,1,Normal
Zone B,0.43,23.03,34.33,40.54,Poor,38,Normal,4,High,1,Normal
Zone C,0.5,21.42,32.31,83.94,Poor,9,Fault,3,High,1,Normal
Zone E,0.93,5.15,39.49,82.11,Good,13,Normal,0,Low,1,Normal
Zone E,1.88,12.59,25.67,74.09,Good,11,Normal,1,Medium,1,Normal
Zone C,1.2,28.04,28.51,63.56,Normal,47,Normal,2,Medium,1,Normal
Zone A,1.0,23.67,26.16,72.26,Poor,40,Fault,3,High,1,Normal
Zone A,1.11,3.02,34.31,79.8,Poor,45,Normal,4,High,1,Normal
Zone B,1.43,26.83,37.09,85.33,Reduced,24,Normal,2,High,1,Normal
Zone A,0.68,5.66,39.95,55.66,Poor,43,Normal,3,Medium,1,Normal
Zone E,1.32,14.72,27.83,51.71,Good,34,Normal,1,Low,1,Normal
Zone E,1.83,26.03,27.88,46.68,Reduced,34,Fault,2,High,1,Normal
Zone A,0.84,12.16,34.19,58.66,Poor,35,Normal,2,Medium,1,Normal
Zone B,0.87,26.46,27.92,56.21,Reduced,28,Normal,0,Low,1,Normal
Zone A,1.58,14.06,32.61,53.38,Reduced,10,Normal,2,Medium,1,Normal
Zone C,1.9,6.07,28.62,78.35,Reduced,39,Normal,4,High,1,Normal
Zone E,2.13,25.04,33.37,58.28,Normal,21,Normal,4,High,1,Normal
Zone A,2.15,4.64,42.87,53.28,Normal,6,Normal,0,Medium,-1,Anomaly
Zone A,2.24,15.94,28.93,79.64,Reduced,20,Normal,2,High,1,Normal
Zone C,1.28,16.94,25.95,62.73,Poor,38,Fault,4,High,1,Normal
Zone B,1.67,16.59,40.71,76.77,Good,47,Normal,2,High,1,Normal
Zone E,1.58,20.76,43.42,44.04,Normal,31,Normal,0,High,1,Normal
Zone B,0.76,22.48,30.1,67.41,Good,44,Fault,2,Medium,1,Normal
Zone A,2.43,24.63,30.09,58.63,Normal,44,Normal,4,High,1,Normal
Zone D,0.78,25.2,44.93,89.85,Good,29,Normal,3,Medium,1,Normal
Zone C,2.28,18.62,36.34,66.34,Reduced,50,Fault,4,High,1,Normal
Zone C,1.44,27.28,42.41,50.38,Poor,42,Normal,2,High,1,Normal
Zone D,1.28,28.26,35.81,62.25,Poor,44,Normal,1,High,1,Normal
Zone B,1.5,21.04,35.58,44.03,Normal,36,Normal,3,Medium,1,Normal
Zone D,2.42,5.23,40.87,88.42,Reduced,42,Normal,1,High,-1,Anomaly
Zone E,0.74,7.23,40.94,46.38,Good,8,Normal,1,Low,1,Normal
Zone C,1.06,21.76,44.6,46.81,Poor,9,Fault,3,High,-1,Anomaly
Zone E,2.1,9.77,27.45,72.92,Poor,27,Normal,0,Medium,1,Normal
Zone D,1.14,25.78,38.28,55.32,Normal,34,Normal,0,Medium,1,Normal
Zone E,2.12,29.63,40.4,65.64,Poor,11,Normal,3,High,1,Normal
Zone B,1.49,29.9,40.7,40.1,Reduced,25,Fault,0,High,-1,Anomaly
Zone C,2.18,12.34,32.68,65.37,Good,47,Normal,4,Medium,1,Normal
Zone B,1.22,19.22,35.32,83.04,Poor,9,Normal,2,High,1,Normal
Zone D,2.19,9.01,38.91,87.74,Poor,31,Normal,3,High,1,Normal
Zone E,1.55,19.67,27.65,60.08,Reduced,35,Normal,4,High,1,Normal
Zone D,1.47,25.06,43.29,81.21,Good,26,Normal,0,Medium,1,Normal
Zone A,1.78,10.37,43.17,65.9,Normal,25,Normal,2,Medium,1,Normal
Zone A,0.3,21.29,35.03,83.02,Good,42,Fault,4,High,1,Normal
Zone D,1.17,11.39,28.61,72.1,Normal,32,Normal,2,Medium,1,Normal
Zone E,1.05,16.58,28.77,63.86,Reduced,26,Fault,0,Medium,1,Normal
Zone B,1.14,29.92,29.88,56.52,Good,36,Normal,0,Medium,1,Normal
Zone E,1.3,7.42,31.82,45.56,Reduced,8,Fault,4,Medium,1,Normal
Zone B,0.83,12.19,32.91,89.96,Normal,40,Normal,4,Medium,1,Normal
Zone A,0.59,22.53,35.26,80.18,Normal,7,Normal,4,Medium,1,Normal
Zone E,2.07,12.53,36.3,89.72,Poor,7,Normal,1,High,1,Normal
Zone B,0.67,14.78,35.28,42.24,Good,21,Fault,2,Medium,1,Normal
Zone A,0.4,23.81,30.86,42.74,Poor,41,Fault,2,High,1,Normal
Zone A,0.95,27.77,34.47,68.76,Poor,33,Fault,2,High,1,Normal
Zone D,0.34,16.65,31.14,48.92,Poor,45,Normal,4,Medium,1,Normal
Zone D,1.11,14.62,37.63,52.57,Normal,8,Fault,2,Medium,1,Normal
Zone A,1.82,28.1,29.85,84.42,Reduced,19,Normal,1,High,1,Normal
Zone E,0.57,6.8,41.89,49.08,Reduced,42,Fault,0,Medium,1,Normal
Zone E,2.45,11.56,36.86,72.06,Poor,33,Normal,3,High,1,Normal
Zone A,2.2,23.55,29.52,68.92,Good,39,Normal,2,Medium,1,Normal
Zone D,0.67,23.15,32.15,73.61,Poor,22,Normal,0,Medium,1,Normal
Zone C,0.62,4.88,25.19,76.58,Reduced,18,Fault,2,Medium,1,Normal
Zone E,0.27,23.93,44.82,66.8,Reduced,18,Fault,1,High,1,Normal
Zone C,0.32,29.88,43.03,79.28,Good,21,Normal,0,Medium,-1,Anomaly
Zone B,0.4,23.6,24.68,84.67,Poor,38,Normal,4,High,1,Normal
Zone A,1.65,17.63,24.13,42.9,Good,38,Normal,3,Medium,1,Normal
Zone C,1.53,6.92,32.69,51.01,Normal,13,Normal,2,Medium,1,Normal
Zone C,0.36,16.18,26.1,77.27,Poor,32,Normal,3,Medium,1,Normal
Zone B,0.85,16.49,25.57,86.28,Good,23,Normal,2,Low,1,Normal
Zone D,2.08,19.6,32.17,76.26,Poor,46,Fault,1,High,1,Normal
Zone E,2.06,20.02,28.27,73.96,Poor,20,Fault,3,High,1,Normal
Zone D,2.43,13.77,33.18,64.3,Normal,30,Normal,4,High,1,Normal
Zone E,0.76,14.82,38.97,81.54,Poor,43,Normal,1,High,1,Normal
Zone B,0.59,2.31,25.18,74.21,Reduced,25,Normal,4,Low,1,Normal
Zone E,1.17,25.85,31.02,50.69,Poor,43,Normal,4,High,1,Normal
Zone A,0.91,27.68,42.39,84.61,Normal,9,Fault,3,High,1,Normal
Zone A,0.87,11.48,26.08,79.49,Good,37,Normal,2,Medium,1,Normal
Zone D,1.06,6.33,44.18,58.59,Normal,25,Normal,3,Medium,1,Normal
Zone E,0.87,2.44,41.46,74.48,Poor,16,Normal,4,Medium,1,Normal
Zone C,1.33,11.38,31.53,47.36,Poor,11,Fault,2,High,1,Normal
Zone E,2.37,28.91,27.61,58.99,Reduced,29,Normal,1,Medium,1,Normal
Zone A,0.59,10.99,35.32,58.62,Reduced,17,Normal,2,Low,1,Normal
Zone C,0.88,8.06,35.15,52.8,Reduced,38,Normal,3,Medium,1,Normal
Zone A,1.77,6.86,41.34,49.27,Good,40,Normal,4,High,1,Normal
Zone D,2.43,9.17,37.03,49.5,Good,49,Normal,0,Low,-1,Anomaly
Zone A,0.67,28.05,38.02,74.13,Poor,19,Normal,3,High,1,Normal
Zone D,0.24,7.97,24.95,43.58,Reduced,46,Normal,4,Medium,-1,Anomaly
Zone C,1.23,2.82,38.11,58.13,Good,18,Normal,1,Low,1,Normal
Zone C,1.86,9.41,41.41,83.9,Reduced,18,Normal,2,High,1,Normal
Zone E,1.08,12.63,34.51,51.85,Normal,7,Normal,4,Medium,1,Normal
Zone D,0.59,21.13,26.22,41.03,Good,35,Normal,3,Medium,1,Normal
Zone A,1.5,8.16,43.1,45.21,Good,6,Normal,2,Low,1,Normal
Zone E,1.51,25.63,37.33,74.29,Reduced,19,Normal,2,High,1,Normal
Zone E,1.66,10.32,28.12,53.1,Good,32,Normal,2,Medium,1,Normal
Zone E,1.89,17.28,33.61,86.88,Reduced,30,Normal,0,High,1,Normal
Zone D,2.4,10.91,42.87,60.21,Reduced,8,Normal,2,High,1,Normal
Zone A,0.22,18.14,39.42,50.46,Good,23,Normal,4,Medium,1,Normal
Zone C,1.16,29.98,27.79,45.09,Poor,39,Normal,3,High,1,Normal
Zone D,2.08,14.63,39.78,43.3,Reduced,12,Normal,1,High,1,Normal
Zone E,2.44,21.53,24.43,57.71,Good,47,Fault,1,High,1,Normal
Zone D,0.34,13.49,35.18,82.09,Normal,36,Normal,3,Medium,1,Normal
Zone D,1.14,16.7,39.85,46.93,Reduced,13,Normal,4,High,1,Normal
Zone C,2.5,10.34,34.0,74.19,Poor,21,Normal,3,High,1,Normal
Zone A,1.19,12.42,42.63,68.11,Good,9,Fault,0,Medium,1,Normal
Zone C,1.35,12.08,39.24,45.24,Normal,23,Normal,2,Medium,1,Normal
Zone A,0.24,16.53,38.29,45.26,Good,40,Normal,4,Medium,1,Normal
Zone E,0.97,29.47,24.87,63.69,Good,31,Normal,4,Medium,1,Normal
Zone C,1.0,23.66,32.63,51.21,Reduced,6,Normal,4,Medium,1,Normal
Zone D,2.36,7.67,42.86,43.14,Normal,45,Fault,2,High,-1,Anomaly
Zone B,2.17,28.13,25.57,61.43,Normal,16,Normal,0,Medium,1,Normal
Zone A,1.56,9.69,29.46,84.5,Reduced,14,Fault,0,Medium,1,Normal
Zone B,2.18,20.17,36.12,54.06,Reduced,43,Normal,3,High,1,Normal
Zone B,1.41,14.95,39.34,53.75,Poor,39,Normal,0,High,1,Normal
Zone B,1.13,23.84,36.55,40.67,Good,13,Normal,2,Medium,1,Normal
Zone D,1.79,17.64,39.13,55.33,Normal,13,Normal,1,Medium,1,Normal
Zone C,1.38,16.76,35.98,66.29,Normal,37,Normal,4,Medium,1,Normal
Zone D,0.54,9.44,27.29,50.24,Reduced,25,Normal,2,Low,1,Normal
Zone D,0.32,16.45,33.97,43.02,Reduced,9,Fault,4,High,1,Normal
Zone B,0.97,29.96,38.32,86.34,Good,39,Normal,1,Medium,1,Normal
Zone D,1.1,14.1,38.53,46.66,Reduced,5,Normal,4,High,1,Normal
Zone E,0.39,26.83,34.79,47.49,Normal,45,Fault,2,Medium,1,Normal
Zone E,0.94,5.66,34.45,58.63,Normal,18,Normal,1,Low,1,Normal
Zone B,1.66,12.19,37.96,52.01,Normal,46,Fault,4,High,1,Normal
Zone C,1.28,23.16,36.25,54.14,Good,9,Normal,1,Medium,1,Normal
Zone C,0.41,2.98,34.83,77.81,Good,9,Normal,3,Low,1,Normal
Zone B,1.03,19.42,24.7,57.74,Good,29,Normal,2,Low,1,Normal
Zone A,0.7,5.32,31.68,76.53,Good,29,Normal,3,Low,1,Normal
Zone A,1.02,11.04,42.86,89.4,Normal,22,Normal,0,Medium,1,Normal
Zone C,0.2,27.87,39.02,56.48,Reduced,16,Normal,0,Medium,1,Normal
Zone A,1.71,21.74,24.76,59.3,Normal,49,Normal,1,Medium,1,Normal
Zone B,1.21,9.2,39.06,54.85,Good,15,Normal,0,Low,1,Normal
Zone D,2.35,12.81,36.39,58.36,Poor,8,Fault,1,High,1,Normal
Zone B,1.09,6.0,37.26,74.55,Poor,5,Normal,1,Medium,1,Normal
Zone E,2.1,28.51,41.59,47.27,Normal,34,Normal,3,High,1,Normal
Zone C,1.45,17.51,24.5,43.22,Reduced,10,Normal,4,Medium,-1,Anomaly
Zone D,0.59,18.56,38.2,59.16,Good,28,Normal,3,Medium,1,Normal
Zone A,1.39,5.87,36.17,68.1,Poor,35,Normal,3,Medium,1,Normal
Zone C,1.79,19.17,24.04,79.22,Good,18,Normal,2,Medium,1,Normal
Zone E,1.12,21.66,26.59,86.1,Reduced,6,Normal,1,Medium,1,Normal
Zone A,0.9,2.57,28.3,64.17,Poor,15,Normal,1,Low,1,Normal
Zone D,0.31,19.37,37.09,84.09,Reduced,16,Normal,2,Medium,1,Normal
Zone C,0.65,11.19,32.63,44.55,Reduced,14,Normal,2,Low,1,Normal
Zone B,1.97,18.93,37.96,67.9,Normal,20,Normal,3,Medium,1,Normal
Zone E,1.04,17.03,28.85,68.34,Reduced,41,Normal,2,Medium,1,Normal
Zone A,0.83,12.62,32.05,81.85,Good,8,Normal,4,Medium,1,Normal
Zone D,0.8,10.9,25.93,59.72,Normal,33,Normal,2,Low,1,Normal
Zone D,0.66,4.59,44.29,71.57,Normal,50,Normal,3,Medium,-1,Anomaly
Zone C,1.5,17.45,34.67,54.57,Normal,44,Normal,2,Medium,1,Normal
Zone B,0.98,11.78,41.19,66.15,Normal,9,Normal,4,Medium,1,Normal
Zone A,0.73,28.45,24.21,57.2,Good,43,Normal,4,Medium,1,Normal
Zone C,0.31,23.79,35.59,61.9,Reduced,10,Fault,2,Medium,1,Normal
Zone A,0.91,22.79,36.13,87.46,Poor,11,Normal,3,High,1,Normal
Zone E,0.99,13.63,40.44,88.54,Good,13,Normal,4,Medium,1,Normal
Zone A,0.67,14.18,26.06,47.56,Reduced,30,Normal,1,Medium,1,Normal
Zone A,0.78,23.69,33.97,87.01,Poor,32,Normal,1,High,1,Normal
Zone D,2.34,23.49,31.92,70.05,Reduced,20,Normal,4,High,1,Normal
Zone B,2.43,24.84,43.9,86.47,Normal,37,Fault,3,High,1,Normal
Zone A,2.41,17.99,43.98,40.54,Poor,8,Normal,1,High,-1,Anomaly
Zone B,0.43,9.6,43.23,57.95,Normal,11,Fault,4,Medium,1,Normal
Zone D,1.37,25.85,39.75,64.78,Good,27,Normal,1,Medium,1,Normal
Zone D,2.21,4.95,36.37,40.39,Good,5,Fault,1,Medium,-1,Anomaly
Zone D,0.69,21.33,42.94,75.35,Poor,16,Fault,3,High,1,Normal
Zone B,1.55,25.4,42.49,74.87,Normal,16,Normal,4,High,1,Normal
Zone E,2.29,25.65,43.21,41.38,Normal,37,Fault,4,High,-1,Anomaly
Zone D,1.62,12.53,44.95,54.79,Reduced,47,Normal,0,High,1,Normal
Zone D,2.05,2.39,31.78,54.26,Normal,7,Normal,4,Medium,-1,Anomaly
Zone C,0.87,22.42,25.25,78.39,Good,17,Fault,2,Medium,1,Normal
Zone D,0.24,6.67,31.34,71.04,Good,14,Normal,1,Low,1,Normal
Zone E,0.81,9.03,37.33,70.18,Good,25,Normal,2,Low,1,Normal
Zone C,0.73,26.25,25.28,50.82,Poor,48,Normal,3,Medium,1,Normal
Zone C,0.35,28.29,24.37,47.82,Poor,10,Normal,4,Medium,-1,Anomaly
Zone D,1.72,3.23,36.77,80.24,Reduced,28,Normal,1,High,1,Normal
Zone C,0.71,29.19,32.31,80.0,Poor,46,Normal,3,High,1,Normal
Zone A,1.82,25.78,24.72,76.28,Reduced,24,Normal,0,Medium,1,Normal
Zone C,1.02,3.25,34.64,54.76,Normal,22,Normal,0,Low,1,Normal
Zone B,1.71,15.06,31.26,41.19,Poor,41,Normal,4,High,1,Normal
Zone A,1.67,6.97,34.44,41.92,Reduced,33,Normal,2,Medium,1,Normal
Zone D,1.9,11.06,29.99,83.58,Normal,49,Fault,0,High,1,Normal
Zone E,0.58,25.52,32.86,70.19,Normal,8,Normal,2,Low,1,Normal
Zone A,0.23,8.58,34.04,44.63,Poor,33,Normal,2,Medium,1,Normal
Zone A,2.11,28.34,40.78,86.98,Poor,37,Normal,3,High,1,Normal
Zone C,0.95,12.96,26.65,52.15,Good,38,Normal,4,Low,1,Normal
Zone A,0.99,7.3,27.13,69.32,Normal,28,Fault,1,Low,1,Normal
Zone B,1.42,13.98,34.56,78.74,Poor,41,Normal,4,High,1,Normal
Zone C,1.96,6.79,30.92,46.22,Normal,30,Normal,2,Medium,1,Normal
Zone A,0.91,11.45,27.66,48.05,Normal,38,Normal,1,Low,1,Normal
Zone D,0.76,6.84,43.59,88.04,Good,34,Normal,4,Medium,1,Normal
Zone A,0.57,4.31,41.59,43.88,Poor,8,Normal,3,Medium,-1,Anomaly
Zone D,1.89,7.19,27.11,60.69,Good,43,Normal,4,Medium,1,Normal
Zone A,1.93,9.85,44.69,73.88,Good,14,Normal,3,Medium,1,Normal
Zone A,1.18,14.74,24.34,63.63,Poor,38,Normal,3,High,1,Normal
Zone A,2.28,26.95,27.89,88.2,Normal,30,Normal,4,High,-1,Anomaly
Zone C,0.52,22.29,27.63,59.53,Normal,32,Fault,3,Medium,1,Normal
Zone E,1.5,6.77,33.57,69.42,Normal,37,Normal,3,Medium,1,Normal
Zone B,1.95,9.14,33.4,89.61,Normal,25,Fault,0,Medium,1,Normal
Zone A,1.27,17.24,40.64,46.38,Poor,9,Normal,3,High,1,Normal
Zone D,1.3,6.78,27.57,76.7,Reduced,28,Normal,2,Medium,1,Normal
Zone D,2.32,25.33,33.86,73.21,Normal,43,Normal,4,High,1,Normal
Zone E,2.49,13.95,25.62,50.76,Poor,31,Normal,4,High,1,Normal
Zone D,0.53,29.81,32.4,43.16,Reduced,37,Fault,3,High,1,Normal
Zone B,2.13,19.96,32.25,62.14,Normal,40,Normal,3,Medium,1,Normal
Zone C,2.19,29.32,35.53,43.58,Reduced,44,Normal,4,High,-1,Anomaly
Zone B,0.26,27.84,35.27,55.47,Poor,15,Normal,1,Medium,1,Normal
Zone B,0.75,24.82,43.0,87.43,Good,5,Normal,0,Medium,-1,Anomaly
Zone E,2.13,27.43,44.22,87.02,Normal,9,Normal,2,High,-1,Anomaly
Zone B,0.98,25.64,38.26,81.95,Good,19,Normal,1,Medium,1,Normal
Zone B,0.48,25.69,33.75,68.16,Reduced,41,Normal,1,Medium,1,Normal
Zone E,0.82,27.06,32.61,48.18,Poor,29,Normal,1,Medium,1,Normal
Zone E,1.84,16.73,36.12,41.37,Reduced,42,Fault,3,High,1,Normal
Zone A,0.83,5.52,33.17,41.74,Normal,34,Normal,1,Low,1,Normal
Zone B,0.27,14.53,39.55,85.33,Poor,44,Normal,3,High,1,Normal
Zone A,1.86,4.93,26.45,78.04,Reduced,43,Normal,0,Medium,1,Normal
Zone D,1.74,10.3,26.83,88.24,Poor,39,Normal,3,High,1,Normal
Zone D,1.39,17.87,30.71,87.77,Poor,43,Normal,1,High,1,Normal
Zone B,0.68,5.65,37.27,86.7,Good,8,Normal,2,Low,1,Normal
Zone B,0.58,4.77,43.95,89.94,Reduced,15,Fault,0,Medium,-1,Anomaly
Zone C,0.61,18.09,24.52,47.12,Good,5,Normal,2,Low,-1,Anomaly
Zone A,1.89,4.71,30.18,52.33,Reduced,23,Normal,4,Medium,1,Normal
Zone D,1.64,6.75,37.07,51.08,Good,42,Fault,4,High,1,Normal
Zone B,1.77,12.67,44.04,49.07,Poor,16,Normal,3,High,1,Normal
Zone C,1.22,22.32,29.45,50.93,Reduced,20,Normal,3,Medium,1,Normal
Zone E,1.55,25.16,32.51,78.81,Good,46,Normal,0,Medium,1,Normal
Zone C,1.34,29.74,24.18,46.43,Poor,23,Fault,3,High,1,Normal
Zone C,2.19,19.45,35.8,64.01,Normal,31,Normal,1,Medium,1,Normal
Zone A,1.4,14.42,29.09,61.52,Reduced,41,Fault,2,High,1,Normal
Zone B,0.22,22.05,39.98,76.15,Reduced,7,Normal,4,High,-1,Anomaly
Zone E,1.52,17.63,27.44,60.81,Normal,33,Normal,1,Medium,1,Normal
Zone B,0.42,15.71,43.62,87.34,Normal,41,Fault,1,High,1,Normal
Zone D,2.05,29.04,39.03,74.04,Poor,31,Normal,4,High,1,Normal
Zone A,2.37,25.69,40.71,63.09,Normal,9,Normal,2,High,1,Normal
Zone A,1.59,26.37,36.43,77.71,Reduced,18,Normal,0,High,1,Normal
Zone E,1.15,11.89,33.23,89.36,Reduced,19,Normal,1,Medium,1,Normal
Zone A,1.54,28.79,44.43,57.46,Normal,48,Normal,0,High,-1,Anomaly
Zone D,0.86,7.93,33.11,54.01,Reduced,27,Normal,2,Low,1,Normal
Zone D,2.46,29.48,37.37,75.29,Normal,27,Normal,4,High,-1,Anomaly
Zone A,0.36,7.61,43.62,60.22,Good,42,Normal,0,Low,1,Normal
Zone D,1.38,4.11,38.19,73.29,Good,44,Fault,2,Medium,1,Normal
Zone A,0.47,5.76,44.87,79.05,Poor,12,Normal,1,Medium,1,Normal
Zone B,2.38,4.65,41.11,80.7,Poor,20,Normal,4,High,-1,Anomaly
Zone A,0.43,7.07,41.29,67.96,Good,44,Normal,0,Low,1,Normal
Zone E,2.06,8.39,43.61,74.63,Poor,45,Normal,2,High,1,Normal
Zone A,2.45,13.49,33.21,61.9,Reduced,50,Fault,0,High,1,Normal
Zone E,0.22,6.51,31.1,42.26,Reduced,7,Normal,2,Low,-1,Anomaly
Zone C,0.89,26.6,35.71,47.49,Good,50,Normal,4,Medium,1,Normal
Zone E,1.49,17.75,25.8,84.57,Poor,30,Normal,2,High,1,Normal
Zone D,0.78,2.87,36.71,46.65,Good,13,Normal,3,Low,1,Normal
Zone E,1.45,5.33,28.89,49.41,Normal,25,Normal,0,Low,1,Normal
Zone B,0.27,24.76,33.31,79.22,Reduced,10,Normal,0,Medium,1,Normal
Zone B,2.43,10.52,38.18,88.18,Good,9,Normal,1,Medium,-1,Anomaly
Zone B,0.78,26.66,28.35,71.71,Normal,21,Fault,0,Low,1,Normal
Zone E,1.59,20.94,33.67,67.52,Normal,14,Normal,2,High,1,Normal
Zone D,1.29,22.09,37.67,84.99,Poor,16,Normal,4,High,1,Normal
Zone C,0.58,10.41,44.04,51.77,Normal,29,Fault,1,Medium,1,Normal
Zone E,1.92,13.95,25.69,82.44,Good,6,Fault,2,High,1,Normal
Zone D,2.19,19.52,37.73,54.25,Reduced,5,Normal,0,Medium,1,Normal
Zone A,1.45,18.91,26.88,54.87,Poor,46,Fault,0,High,1,Normal
Zone A,2.07,3.35,37.09,76.73,Poor,13,Normal,1,High,1,Normal
Zone C,0.23,3.52,27.8,66.23,Reduced,17,Normal,0,Low,1,Normal
Zone B,0.77,21.51,40.02,72.6,Reduced,36,Normal,3,High,1,Normal
Zone D,1.09,21.02,29.92,54.21,Normal,40,Normal,4,High,1,Normal
Zone B,0.57,25.96,26.85,50.81,Reduced,13,Normal,2,Medium,1,Normal
Zone A,0.53,22.7,27.48,72.72,Good,38,Fault,3,Medium,1,Normal
Zone E,2.33,20.52,36.57,58.39,Poor,20,Fault,1,High,1,Normal
Zone E,0.31,18.52,31.45,79.84,Reduced,39,Normal,2,Medium,1,Normal
Zone D,0.51,18.14,37.8,85.47,Normal,31,Fault,1,Medium,1,Normal
Zone E,0.35,7.28,35.39,52.94,Normal,45,Normal,1,Low,1,Normal
Zone B,1.92,2.03,38.92,82.69,Good,48,Normal,4,High,-1,Anomaly
Zone C,2.14,5.09,27.73,56.04,Reduced,12,Fault,0,Medium,1,Normal
Zone D,2.29,9.11,32.66,73.83,Good,32,Normal,0,Low,1,Normal
Zone A,0.29,24.89,36.22,41.98,Good,16,Normal,4,Medium,-1,Anomaly
Zone B,2.19,29.33,26.42,80.27,Normal,41,Fault,2,High,1,Normal
Zone D,1.43,2.46,32.4,47.9,Reduced,9,Normal,0,Low,1,Normal
Zone B,2.34,8.91,30.81,49.97,Good,47,Normal,1,Medium,1,Normal
Zone A,0.72,13.42,36.19,51.44,Reduced,23,Normal,3,Medium,1,Normal
Zone A,0.57,10.06,38.51,69.25,Normal,38,Normal,3,Medium,1,Normal
Zone C,2.12,9.52,33.76,50.5,Normal,16,Normal,1,Low,1,Normal
Zone B,0.82,27.57,33.48,43.45,Normal,17,Fault,3,Medium,1,Normal
Zone B,1.99,10.09,31.18,82.6,Good,25,Normal,1,Medium,1,Normal
Zone B,0.88,15.47,43.21,53.69,Reduced,31,Normal,2,Medium,1,Normal
Zone C,0.4,19.11,32.98,81.85,Good,24,Normal,4,Medium,1,Normal
Zone B,0.98,24.26,34.35,74.21,Good,5,Normal,1,Low,1,Normal
Zone C,0.26,23.84,28.43,56.92,Reduced,34,Normal,2,Medium,1,Normal
Zone E,0.26,10.17,41.31,55.77,Good,17,Normal,4,Medium,1,Normal
Zone D,1.75,16.69,31.12,60.61,Good,31,Normal,3,Medium,1,Normal
Zone E,2.14,16.6,29.69,47.97,Good,18,Normal,2,Medium,1,Normal
Zone E,1.55,13.0,38.22,49.24,Good,48,Normal,2,High,1,Normal
Zone D,0.64,15.22,42.15,64.62,Normal,46,Normal,4,Medium,1,Normal
Zone B,1.37,17.7,35.72,87.58,Normal,20,Normal,1,Medium,1,Normal
Zone C,0.98,9.25,29.38,41.64,Poor,29,Normal,2,Medium,1,Normal
Zone D,0.26,5.14,29.71,88.93,Good,15,Fault,3,Low,1,Normal
Zone B,1.0,22.23,39.63,80.31,Good,20,Fault,3,High,1,Normal
Zone A,1.74,18.41,31.39,79.74,Poor,45,Normal,0,High,1,Normal
Zone D,1.67,24.13,27.94,50.37,Poor,10,Normal,0,Medium,1,Normal
Zone D,0.81,13.01,44.72,67.42,Poor,44,Normal,1,Medium,1,Normal
Zone B,1.79,6.27,44.79,89.23,Good,44,Fault,3,High,1,Normal
Zone D,1.51,12.08,28.93,83.92,Poor,26,Normal,4,High,1,Normal
Zone A,0.61,24.81,38.88,60.3,Reduced,36,Normal,0,Medium,1,Normal
Zone E,1.0,20.47,32.35,57.58,Normal,35,Normal,2,Low,1,Normal
Zone E,1.74,27.23,25.09,57.04,Poor,9,Normal,2,High,1,Normal
Zone B,1.86,14.35,25.93,84.35,Poor,37,Fault,2,High,1,Normal
Zone D,2.02,4.57,36.06,41.29,Reduced,47,Normal,3,High,1,Normal
Zone E,1.15,7.66,25.64,79.23,Reduced,28,Normal,3,Medium,1,Normal
Zone D,0.83,29.9,25.17,65.55,Reduced,20,Normal,1,Medium,1,Normal
Zone D,1.97,5.37,35.28,61.01,Reduced,47,Normal,3,High,1,Normal
Zone A,1.34,19.24,32.23,49.95,Good,25,Normal,2,Low,1,Normal
Zone D,0.59,10.81,24.47,43.87,Normal,8,Normal,4,Medium,-1,Anomaly
Zone B,2.25,19.01,28.85,64.16,Normal,21,Normal,3,Medium,1,Normal
Zone C,2.4,20.47,25.4,87.31,Good,26,Normal,1,Medium,1,Normal
Zone D,1.25,13.08,27.86,47.53,Good,34,Normal,0,Low,1,Normal
Zone B,1.71,9.4,34.45,75.08,Poor,48,Normal,2,High,1,Normal
Zone D,2.06,11.53,24.95,54.4,Normal,8,Normal,0,Medium,-1,Anomaly
Zone D,1.12,29.22,38.02,85.5,Reduced,38,Fault,1,High,1,Normal
Zone E,0.64,7.95,42.94,55.31,Good,8,Normal,1,Low,1,Normal
Zone A,0.87,12.92,41.67,71.13,Poor,47,Normal,3,High,1,Normal
Zone A,2.36,26.87,33.9,70.3,Good,45,Normal,0,Medium,1,Normal
Zone B,2.08,24.56,29.1,51.19,Reduced,26,Normal,0,Medium,1,Normal
Zone E,0.65,27.7,34.86,64.16,Good,10,Fault,1,Medium,1,Normal
Zone C,0.92,29.31,42.26,41.42,Poor,26,Normal,2,High,1,Normal
Zone C,0.44,28.73,31.84,72.32,Reduced,33,Normal,4,Medium,1,Normal
Zone E,1.09,25.56,28.32,42.97,Good,26,Normal,3,Medium,1,Normal
Zone A,0.7,23.92,32.75,51.38,Reduced,29,Normal,2,Medium,1,Normal
Zone A,2.22,2.58,28.48,70.55,Normal,23,Normal,1,Low,1,Normal
Zone D,0.88,18.4,44.45,73.0,Reduced,37,Normal,0,Medium,1,Normal
Zone D,1.46,2.78,40.65,54.67,Reduced,13,Normal,0,Medium,1,Normal
Zone A,2.29,9.97,33.99,47.1,Poor,38,Normal,2,High,1,Normal
Zone B,0.38,13.51,32.51,67.73,Good,29,Normal,4,Low,1,Normal
Zone E,1.97,6.35,25.15,44.87,Good,42,Fault,3,Medium,1,Normal
Zone D,0.81,4.58,34.94,47.18,Poor,42,Fault,4,High,1,Normal
Zone C,0.79,3.95,42.34,86.63,Good,38,Normal,4,Medium,1,Normal
Zone C,2.41,3.7,36.24,41.81,Poor,13,Normal,3,High,1,Normal
Zone C,1.6,14.27,35.93,72.93,Reduced,10,Normal,2,Medium,1,Normal
Zone E,1.31,21.4,42.98,85.12,Reduced,18,Normal,3,High,1,Normal
Zone E,0.38,3.1,26.64,88.97,Normal,9,Normal,1,Low,-1,Anomaly
Zone C,1.09,5.14,30.46,43.56,Good,50,Normal,4,Medium,-1,Anomaly
Zone B,1.53,29.23,35.08,60.83,Poor,36,Normal,1,High,1,Normal
Zone D,1.18,15.53,28.49,46.8,Normal,28,Normal,4,Medium,1,Normal
Zone C,0.66,20.59,42.45,81.31,Good,9,Normal,0,Medium,1,Normal
Zone A,0.61,11.48,26.64,48.32,Reduced,50,Normal,0,Low,1,Normal
Zone A,0.31,6.54,31.1,46.66,Normal,14,Normal,3,Low,1,Normal
Zone D,0.64,9.34,44.9,75.1,Normal,44,Fault,4,High,1,Normal
Zone B,0.64,12.39,29.75,66.11,Good,47,Normal,3,Low,1,Normal
Zone C,1.94,8.98,44.49,73.33,Poor,10,Fault,0,High,-1,Anomaly
Zone A,0.22,21.58,35.96,50.02,Reduced,17,Normal,3,Medium,1,Normal
Zone B,2.34,25.08,29.77,64.41,Poor,18,Normal,2,High,1,Normal
Zone B,1.57,28.04,43.02,58.65,Good,17,Normal,2,High,1,Normal
Zone C,1.29,2.97,31.47,71.59,Good,14,Fault,4,Medium,1,Normal
Zone D,0.39,22.1,29.34,56.63,Poor,47,Fault,2,High,1,Normal
Zone E,0.51,21.53,33.0,42.79,Normal,11,Fault,2,Medium,1,Normal
Zone B,0.62,4.34,37.47,80.21,Good,49,Normal,2,Medium,1,Normal
Zone A,2.14,13.95,25.7,67.43,Poor,24,Fault,4,High,1,Normal
Zone E,0.36,12.6,40.74,64.12,Normal,18,Fault,4,Medium,1,Normal
Zone C,0.74,18.84,35.86,52.96,Normal,48,Fault,2,Medium,1,Normal
Zone D,2.25,23.01,27.14,40.85,Poor,27,Normal,3,High,1,Normal
Zone B,1.04,3.99,33.1,73.77,Poor,22,Normal,3,Medium,1,Normal
Zone C,0.9,25.52,29.04,43.2,Reduced,17,Fault,2,Medium,1,Normal
Zone E,1.52,29.98,42.0,78.71,Normal,47,Fault,1,High,1,Normal
Zone C,1.9,19.15,43.54,66.87,Reduced,16,Normal,2,High,1,Normal
Zone D,1.59,21.43,27.97,56.43,Poor,9,Normal,1,High,1,Normal
Zone E,2.48,3.99,43.41,43.38,Good,24,Normal,3,Medium,-1,Anomaly
Zone D,1.21,5.7,40.93,45.57,Reduced,34,Fault,3,High,1,Normal
Zone A,0.4,27.01,33.51,72.91,Poor,34,Fault,2,High,1,Normal
Zone D,0.26,15.93,28.55,88.99,Reduced,25,Normal,4,Medium,1,Normal
Zone B,2.27,26.38,34.6,59.29,Good,49,Normal,0,Medium,1,Normal
Zone B,1.08,27.79,37.78,53.68,Normal,19,Normal,4,Medium,1,Normal
Zone E,2.28,11.51,42.67,77.79,Poor,10,Normal,3,High,1,Normal
Zone E,0.97,16.87,44.64,54.72,Normal,24,Fault,4,Medium,1,Normal
Zone B,2.21,14.13,36.44,61.01,Normal,7,Normal,4,Medium,1,Normal
Zone C,0.38,29.49,36.65,78.19,Reduced,44,Normal,3,High,1,Normal
Zone B,1.66,13.9,35.56,61.55,Reduced,16,Normal,1,Medium,1,Normal
Zone E,2.41,12.82,29.45,49.04,Poor,19,Normal,1,Medium,1,Normal
Zone B,1.01,20.89,26.51,50.44,Good,48,Normal,4,Medium,1,Normal
Zone D,2.31,28.93,36.6,61.75,Reduced,15,Normal,0,High,1,Normal
Zone C,1.31,8.49,35.92,51.13,Normal,22,Normal,2,Low,1,Normal
Zone A,0.34,9.17,26.02,85.75,Reduced,38,Normal,0,Low,1,Normal
Zone A,2.35,29.64,26.79,72.34,Poor,47,Normal,3,High,1,Normal
Zone D,0.82,19.72,36.92,72.98,Reduced,9,Normal,4,Medium,1,Normal
Zone E,0.24,16.61,44.33,52.12,Good,24,Fault,2,Medium,1,Normal
Zone B,0.96,25.15,36.87,41.17,Poor,39,Fault,2,High,1,Normal
Zone A,1.31,7.22,44.47,76.79,Poor,22,Normal,4,High,1,Normal
Zone E,1.38,24.77,28.86,78.73,Reduced,50,Normal,1,High,1,Normal
Zone A,0.41,3.95,33.17,65.54,Normal,20,Normal,0,Low,1,Normal
Zone E,1.19,13.09,43.92,89.31,Good,50,Normal,0,Medium,-1,Anomaly
Zone E,2.06,18.82,35.18,49.88,Poor,5,Normal,1,High,1,Normal
Zone B,2.11,7.29,39.37,63.26,Reduced,41,Normal,1,Medium,1,Normal
Zone D,1.37,20.6,30.94,69.27,Normal,18,Fault,0,Medium,1,Normal
Zone A,2.46,18.11,38.99,60.24,Good,13,Normal,1,Medium,1,Normal
Zone D,0.55,9.73,28.48,84.16,Reduced,44,Normal,4,Medium,1,Normal
Zone D,1.27,28.28,31.53,53.3,Normal,47,Normal,1,Medium,1,Normal
Zone E,2.28,11.2,40.01,58.92,Good,39,Normal,2,High,1,Normal
Zone E,0.53,26.24,27.56,59.04,Normal,41,Normal,1,Medium,1,Normal
Zone D,0.5,16.68,27.02,50.35,Good,30,Normal,3,Low,1,Normal
Zone C,1.94,18.01,38.08,51.55,Normal,25,Normal,1,Medium,1,Normal
Zone E,1.16,7.64,37.12,57.41,Normal,20,Normal,1,Low,1,Normal
Zone D,1.33,13.68,32.4,45.57,Normal,13,Normal,0,Low,1,Normal
Zone B,1.3,6.01,37.91,59.82,Normal,29,Fault,0,Medium,1,Normal
Zone B,1.32,11.38,42.89,72.42,Poor,47,Normal,0,High,1,Normal
Zone E,1.55,23.75,30.99,74.57,Reduced,34,Normal,0,Medium,1,Normal
Zone A,2.13,22.95,35.95,54.6,Normal,29,Normal,4,High,1,Normal
Zone C,2.35,20.22,30.34,70.56,Poor,22,Normal,1,High,1,Normal
Zone B,1.65,28.48,26.15,52.98,Reduced,17,Normal,4,High,1,Normal
Zone B,1.91,2.83,28.01,42.01,Reduced,11,Normal,2,Medium,1,Normal
Zone A,0.34,5.56,44.25,43.71,Good,20,Normal,0,Low,-1,Anomaly
Zone A,1.65,9.44,37.28,78.1,Poor,11,Normal,4,High,1,Normal
Zone C,2.27,22.12,30.14,53.16,Poor,17,Fault,1,High,1,Normal
Zone A,0.8,14.38,25.01,71.99,Poor,23,Normal,1,Low,1,Normal
Zone A,0.84,19.47,36.1,59.51,Reduced,49,Fault,2,Medium,1,Normal
Zone A,1.69,2.44,31.25,87.57,Reduced,18,Normal,1,Medium,1,Normal
Zone D,2.45,10.99,29.09,58.7,Poor,31,Normal,0,Medium,1,Normal
Zone C,1.13,4.08,29.33,71.04,Poor,7,Fault,0,Medium,1,Normal
Zone A,2.44,17.79,37.18,53.21,Reduced,30,Normal,2,High,1,Normal
Zone A,0.29,25.76,33.02,87.1,Good,25,Normal,4,Medium,1,Normal
Zone D,1.66,11.76,44.27,46.76,Good,43,Fault,4,High,1,Normal
Zone A,2.33,28.79,29.27,76.44,Good,49,Fault,2,High,1,Normal
Zone D,1.98,19.78,44.16,72.45,Poor,43,Normal,4,High,1,Normal
Zone D,0.42,28.85,35.29,61.56,Good,28,Normal,0,Low,1,Normal
Zone D,2.06,15.37,30.0,45.47,Normal,28,Normal,1,Medium,1,Normal
Zone D,0.56,10.66,32.84,66.83,Normal,33,Normal,1,Low,1,Normal
Zone E,2.01,17.22,42.03,72.39,Poor,47,Normal,0,High,1,Normal
Zone B,0.35,9.46,33.31,87.28,Reduced,31,Normal,1,Medium,1,Normal
Zone B,1.04,21.61,37.69,55.22,Reduced,45,Normal,3,High,1,Normal
Zone C,2.11,19.5,25.41,66.82,Normal,29,Normal,3,Medium,1,Normal
Zone E,2.49,25.89,42.53,89.01,Good,38,Normal,1,High,-1,Anomaly
Zone B,1.22,7.16,40.67,85.13,Good,45,Normal,2,Medium,1,Normal
Zone E,1.82,6.19,30.37,68.31,Reduced,17,Normal,3,Medium,1,Normal
Zone C,2.5,19.51,44.28,53.09,Normal,12,Normal,1,Medium,-1,Anomaly
Zone E,1.68,29.28,31.54,71.5,Good,36,Fault,1,High,1,Normal
Zone A,0.63,17.24,43.22,84.17,Reduced,44,Normal,1,Medium,1,Normal
Zone E,0.54,25.86,27.76,82.98,Good,38,Normal,3,Medium,1,Normal
Zone E,2.17,8.82,30.74,42.9,Good,34,Normal,3,Medium,1,Normal
Zone D,0.71,3.02,40.62,52.14,Poor,6,Normal,1,Medium,1,Normal
Zone A,0.57,22.08,29.23,78.1,Good,37,Fault,3,High,1,Normal
Zone E,2.07,15.15,39.66,89.57,Good,19,Normal,3,High,1,Normal
Zone E,1.23,18.3,30.18,79.06,Good,42,Fault,1,Medium,1,Normal
Zone C,1.25,15.61,31.95,89.75,Poor,41,Normal,2,High,1,Normal
Zone B,2.2,14.02,44.97,67.2,Poor,21,Normal,2,High,1,Normal
Zone A,2.34,15.51,27.61,64.94,Normal,41,Normal,1,Medium,1,Normal
Zone C,0.9,26.61,43.19,75.64,Good,16,Fault,4,High,1,Normal
Zone D,0.76,15.4,39.01,47.42,Poor,37,Normal,2,Medium,1,Normal
Zone E,0.48,28.6,29.77,83.13,Normal,21,Fault,4,High,1,Normal
Zone E,1.39,27.59,39.97,41.77,Good,28,Normal,1,Medium,1,Normal
Zone D,0.46,25.94,38.46,50.5,Poor,43,Normal,3,High,1,Normal
Zone A,0.84,2.18,35.93,75.55,Poor,24,Normal,2,Medium,1,Normal
Zone A,1.73,16.54,44.51,82.59,Poor,33,Normal,4,High,1,Normal
Zone C,0.58,15.72,33.41,78.21,Normal,38,Fault,1,Medium,1,Normal
Zone C,0.61,29.8,24.03,80.34,Normal,41,Normal,3,Medium,-1,Anomaly
Zone B,1.6,12.06,26.47,42.23,Normal,28,Fault,0,Medium,1,Normal
Zone B,2.42,20.98,31.85,59.08,Normal,33,Normal,1,Medium,1,Normal
Zone E,2.3,11.84,36.34,61.09,Good,50,Normal,2,Medium,1,Normal
Zone A,0.89,28.05,24.99,44.1,Reduced,7,Normal,1,Medium,-1,Anomaly
Zone C,2.46,21.83,41.29,45.56,Good,17,Normal,2,High,1,Normal
Zone C,2.35,18.83,28.35,60.73,Reduced,11,Fault,2,High,1,Normal
Zone E,1.4,27.84,29.55,84.94,Normal,17,Normal,1,Medium,1,Normal
Zone C,2.38,16.74,24.7,40.55,Reduced,6,Normal,1,Medium,-1,Anomaly
Zone C,1.54,8.75,28.0,81.19,Normal,26,Fault,1,Medium,1,Normal
Zone D,1.85,21.23,40.5,65.4,Normal,50,Normal,2,High,1,Normal
Zone C,0.91,12.77,27.23,57.1,Good,39,Fault,1,Low,1,Normal
Zone D,2.17,12.7,44.62,65.49,Poor,15,Normal,0,High,1,Normal
Zone E,2.03,14.11,28.24,80.97,Normal,36,Normal,4,High,1,Normal
Zone C,0.21,14.86,27.89,74.53,Reduced,23,Normal,1,Low,1,Normal
Zone A,0.4,9.23,26.73,67.76,Normal,44,Normal,1,Low,1,Normal
Zone B,2.25,6.76,43.12,68.04,Normal,46,Normal,0,Medium,-1,Anomaly
Zone A,2.5,5.69,25.38,43.89,Good,39,Fault,2,Medium,-1,Anomaly
Zone A,2.08,22.52,28.07,52.43,Good,6,Normal,4,Medium,1,Normal
Zone B,0.67,16.51,36.6,42.13,Poor,21,Fault,3,High,1,Normal
Zone C,0.72,5.82,36.33,79.45,Poor,11,Fault,1,Medium,1,Normal
Zone D,0.24,11.39,35.09,57.3,Good,40,Fault,2,Medium,1,Normal
Zone B,0.75,12.26,35.37,53.64,Good,13,Normal,3,Low,1,Normal
Zone B,1.72,21.62,38.05,80.93,Normal,37,Normal,1,High,1,Normal
Zone B,1.23,12.54,30.75,40.13,Reduced,26,Normal,0,Medium,1,Normal
Zone A,1.24,24.98,31.0,43.13,Poor,24,Normal,3,High,1,Normal
Zone E,0.86,3.08,31.58,64.68,Poor,7,Normal,3,Medium,1,Normal
Zone D,0.53,29.03,34.42,75.67,Good,41,Normal,0,Medium,1,Normal
Zone B,1.18,12.33,40.52,74.0,Poor,32,Fault,3,High,1,Normal
Zone E,0.59,3.61,28.58,66.42,Poor,22,Normal,0,Low,1,Normal
Zone A,0.98,16.86,29.57,87.72,Poor,29,Fault,3,High,1,Normal
Zone A,0.34,27.99,28.51,85.43,Poor,37,Normal,3,High,1,Normal
Zone E,1.04,17.4,26.78,75.51,Good,26,Normal,4,Medium,1,Normal
Zone E,2.14,23.83,26.37,80.04,Reduced,42,Normal,2,High,1,Normal
Zone B,0.8,20.85,25.66,54.55,Normal,29,Normal,0,Low,1,Normal
Zone A,1.25,6.59,34.25,52.13,Poor,45,Normal,3,High,1,Normal
Zone E,1.44,5.01,35.93,47.63,Reduced,49,Normal,3,Medium,1,Normal
Zone A,0.84,13.17,30.11,40.66,Poor,22,Fault,4,Medium,1,Normal
Zone D,1.16,10.11,34.45,58.98,Reduced,46,Normal,0,Medium,1,Normal
Zone C,2.5,26.66,42.57,49.29,Poor,16,Fault,2,High,-1,Anomaly
Zone D,0.8,16.31,34.93,75.37,Poor,28,Fault,2,High,1,Normal
Zone E,0.34,25.97,28.4,47.01,Reduced,9,Normal,0,Low,-1,Anomaly
Zone E,1.0,4.68,30.5,41.47,Poor,39,Normal,0,Low,1,Normal
Zone E,2.01,7.61,36.56,58.8,Normal,18,Fault,2,Medium,1,Normal
Zone D,0.82,5.0,34.26,81.29,Good,41,Fault,4,Medium,1,Normal
Zone E,0.91,5.81,27.09,89.04,Poor,31,Normal,3,Medium,1,Normal
Zone C,1.52,25.28,32.08,84.45,Reduced,31,Normal,3,High,1,Normal
Zone E,0.76,17.72,25.61,56.92,Reduced,42,Normal,1,Medium,1,Normal
Zone D,1.13,11.92,31.29,75.8,Normal,46,Normal,2,Medium,1,Normal
Zone E,1.92,19.08,32.09,75.88,Poor,14,Normal,2,High,1,Normal
Zone B,2.49,15.9,36.34,89.14,Normal,7,Normal,3,High,-1,Anomaly
Zone A,1.38,29.36,24.02,46.44,Poor,50,Fault,4,High,-1,Anomaly
Zone D,2.39,16.6,28.03,43.47,Good,43,Normal,2,Medium,1,Normal
Zone B,0.77,7.17,41.74,81.59,Poor,6,Normal,1,Medium,1,Normal
Zone E,2.45,2.42,33.29,83.78,Good,5,Normal,4,Medium,-1,Anomaly
Zone B,0.72,27.82,39.91,66.21,Poor,16,Normal,3,High,1,Normal
Zone C,2.44,4.38,24.64,70.71,Poor,14,Normal,1,Medium,-1,Anomaly
Zone C,0.67,20.33,43.57,63.93,Good,8,Fault,0,Medium,1,Normal
Zone C,0.98,13.24,41.82,42.34,Good,19,Normal,1,Low,1,Normal
Zone C,1.93,29.61,35.04,65.09,Poor,24,Normal,3,High,1,Normal
Zone D,1.12,15.47,41.68,76.7,Poor,46,Normal,4,High,1,Normal
Zone B,0.45,15.02,44.51,88.29,Good,45,Normal,4,Medium,-1,Anomaly
Zone A,0.76,3.41,41.47,63.13,Normal,31,Normal,1,Low,1,Normal
Zone C,0.38,3.77,30.31,63.81,Good,27,Normal,1,Low,1,Normal
Zone D,0.83,21.2,31.01,47.72,Good,35,Normal,0,Low,1,Normal
Zone A,2.37,22.86,39.01,58.43,Normal,43,Normal,3,High,1,Normal
Zone C,2.35,2.28,34.99,46.32,Good,30,Normal,1,Low,1,Normal
Zone C,1.91,28.21,36.97,59.43,Reduced,14,Normal,4,High,1,Normal
Zone E,1.37,27.79,32.16,82.79,Reduced,29,Normal,4,High,1,Normal
Zone A,0.71,13.23,40.85,52.87,Good,30,Normal,0,Low,1,Normal
Zone A,1.26,10.05,42.69,59.21,Normal,14,Normal,1,Medium,1,Normal
Zone D,0.93,10.46,24.07,63.44,Good,46,Normal,3,Low,1,Normal
Zone E,1.5,19.01,33.67,77.83,Good,43,Normal,4,High,1,Normal
Zone D,1.59,21.35,44.36,74.04,Normal,37,Normal,1,High,1,Normal
Zone B,1.01,27.94,30.18,44.29,Poor,30,Normal,0,Medium,1,Normal
Zone B,0.67,17.0,41.32,72.91,Poor,44,Normal,2,High,1,Normal
Zone C,0.61,2.37,35.1,54.77,Normal,21,Fault,1,Low,1,Normal
Zone A,2.49,11.55,35.67,54.01,Poor,38,Normal,0,High,1,Normal
Zone B,1.94,17.64,30.09,41.05,Normal,30,Normal,4,Medium,1,Normal
Zone A,1.18,11.98,26.76,51.44,Reduced,34,Normal,0,Medium,1,Normal
Zone B,1.83,17.48,38.0,56.67,Reduced,26,Fault,2,High,1,Normal
Zone C,0.59,14.71,38.23,71.39,Reduced,36,Fault,1,Medium,1,Normal
Zone C,1.54,16.65,24.81,53.61,Poor,20,Normal,0,Medium,1,Normal
Zone B,0.8,6.67,43.98,80.85,Good,38,Normal,3,Medium,1,Normal
Zone B,0.42,11.32,44.77,48.99,Poor,33,Fault,0,High,1,Normal
Zone B,0.5,12.43,28.92,82.04,Reduced,10,Normal,1,Low,1,Normal
Zone B,1.07,26.39,27.24,45.17,Poor,34,Fault,4,High,1,Normal
Zone E,1.78,12.28,39.65,55.87,Good,22,Normal,2,Medium,1,Normal
Zone C,2.36,10.86,24.36,60.42,Poor,9,Fault,0,High,-1,Anomaly
Zone E,1.38,29.15,25.61,60.81,Normal,15,Normal,4,Medium,1,Normal
Zone A,1.59,3.43,32.79,53.01,Good,32,Fault,2,Medium,1,Normal
Zone D,0.35,15.72,29.16,51.54,Normal,9,Normal,2,Low,1,Normal
Zone E,0.26,27.08,28.45,68.79,Poor,38,Normal,1,Medium,1,Normal
Zone A,0.74,21.37,29.64,67.9,Poor,32,Normal,0,Medium,1,Normal
Zone A,1.75,27.83,35.01,45.17,Poor,13,Normal,1,High,1,Normal
Zone B,0.77,13.51,41.49,69.81,Reduced,34,Normal,3,Medium,1,Normal
Zone E,1.8,15.55,36.26,77.53,Poor,46,Normal,0,High,1,Normal
Zone A,0.48,7.0,26.37,84.92,Reduced,10,Fault,2,Medium,1,Normal
Zone C,1.79,22.08,42.28,58.37,Good,48,Normal,0,Medium,1,Normal
Zone B,1.31,24.36,33.37,46.37,Normal,32,Normal,4,Medium,1,Normal
Zone D,0.58,23.49,28.33,82.34,Poor,31,Fault,3,High,1,Normal
Zone D,1.26,10.53,32.56,41.95,Normal,19,Normal,1,Low,1,Normal
Zone B,0.58,24.99,43.27,73.49,Good,27,Normal,4,Medium,1,Normal
Zone C,0.21,10.11,40.26,68.59,Normal,45,Fault,3,High,1,Normal
Zone D,1.76,16.34,40.97,58.19,Poor,34,Normal,4,High,1,Normal
Zone E,0.93,16.15,30.45,42.86,Reduced,40,Normal,1,Medium,1,Normal
Zone B,1.84,14.09,30.3,79.02,Normal,27,Normal,4,High,1,Normal
Zone A,0.29,5.49,28.79,57.28,Reduced,13,Normal,4,Low,1,Normal
Zone D,2.2,9.47,38.19,79.03,Normal,13,Normal,3,High,1,Normal
Zone E,1.09,16.91,27.26,61.46,Normal,40,Normal,1,Medium,1,Normal
Zone E,2.39,12.38,34.38,40.23,Poor,38,Normal,3,High,1,Normal
Zone A,1.01,27.77,27.65,53.65,Good,47,Fault,4,High,1,Normal
Zone E,0.33,28.63,37.45,48.69,Poor,47,Fault,4,High,-1,Anomaly
Zone A,0.89,19.46,38.58,59.95,Normal,8,Normal,4,Medium,1,Normal
Zone E,1.32,12.03,42.69,77.5,Poor,38,Fault,4,High,1,Normal
Zone A,0.94,10.44,30.06,49.84,Normal,11,Normal,3,Low,1,Normal
Zone D,1.59,6.21,42.62,87.72,Normal,30,Normal,3,High,1,Normal
Zone E,0.89,16.85,26.4,86.8,Normal,23,Normal,2,Low,1,Normal
Zone A,0.79,12.42,25.7,61.16,Good,42,Fault,1,Medium,1,Normal
Zone C,2.22,5.3,29.25,49.62,Good,50,Normal,2,Medium,1,Normal
Zone A,1.79,8.27,29.21,75.7,Poor,7,Normal,4,High,1,Normal
Zone A,2.38,13.01,31.14,72.41,Reduced,6,Fault,2,High,1,Normal
Zone B,1.47,17.56,37.34,79.27,Good,39,Normal,0,Medium,1,Normal
Zone A,0.67,4.34,40.16,82.58,Reduced,12,Fault,0,Medium,1,Normal
Zone D,0.51,18.08,41.37,45.45,Good,26,Normal,4,Medium,1,Normal
Zone E,1.47,23.87,28.79,66.03,Good,15,Normal,0,Low,1,Normal
Zone E,0.81,26.35,43.44,41.26,Good,30,Normal,1,Medium,1,Normal
Zone B,2.49,23.49,35.3,45.7,Reduced,7,Fault,1,High,-1,Anomaly
Zone B,1.46,2.4,32.87,86.53,Poor,46,Normal,4,High,1,Normal
Zone D,0.2,9.55,44.23,89.82,Good,14,Normal,3,Medium,-1,Anomaly
Zone A,0.23,13.62,29.62,63.87,Good,18,Fault,2,Low,1,Normal
Zone B,2.01,11.37,30.31,60.41,Reduced,25,Normal,0,Medium,1,Normal
Zone A,1.67,25.43,38.66,63.38,Normal,45,Fault,4,High,1,Normal
Zone E,0.68,22.94,42.02,82.64,Good,18,Normal,4,Medium,1,Normal
Zone B,1.2,27.39,28.17,59.99,Good,18,Normal,0,Low,1,Normal
Zone B,2.09,7.74,26.35,86.67,Good,48,Normal,1,Medium,-1,Anomaly
Zone B,2.13,23.04,28.9,74.47,Good,43,Fault,2,High,1,Normal
Zone D,0.88,2.58,30.35,60.08,Reduced,30,Normal,4,Medium,1,Normal
Zone D,1.28,8.61,32.43,50.96,Reduced,14,Normal,1,Low,1,Normal
Zone B,1.06,5.72,41.94,44.78,Normal,5,Normal,1,Medium,1,Normal
Zone D,1.28,4.75,37.99,79.28,Reduced,9,Fault,0,Medium,1,Normal
Zone E,0.61,21.42,24.8,43.51,Normal,27,Normal,2,Medium,1,Normal
Zone E,0.94,17.62,35.65,44.72,Poor,46,Normal,4,High,1,Normal
Zone B,1.52,29.93,29.73,40.53,Normal,42,Normal,2,High,1,Normal
Zone B,0.57,22.7,35.58,75.16,Normal,26,Normal,1,Medium,1,Normal
Zone B,0.94,12.32,34.09,60.09,Reduced,40,Normal,1,Medium,1,Normal
Zone C,0.46,5.14,32.74,47.84,Reduced,16,Normal,0,Low,1,Normal
Zone E,1.61,3.03,44.08,40.64,Normal,50,Normal,2,High,-1,Anomaly
Zone B,2.29,28.31,26.27,60.71,Good,34,Normal,3,Medium,1,Normal
Zone B,0.79,18.17,40.78,54.05,Reduced,22,Fault,0,Medium,1,Normal
Zone D,2.18,3.67,26.71,80.43,Reduced,40,Fault,0,High,-1,Anomaly
Zone A,2.03,19.69,37.15,65.53,Normal,40,Normal,0,Medium,1,Normal
Zone C,2.3,6.01,33.72,61.72,Normal,47,Normal,0,Medium,1,Normal
Zone C,0.36,24.13,44.96,47.07,Poor,36,Fault,0,High,-1,Anomaly
Zone A,0.26,15.73,42.72,74.31,Normal,6,Normal,4,Medium,-1,Anomaly
Zone B,1.35,15.26,37.84,88.32,Poor,49,Normal,4,High,1,Normal
Zone E,0.57,23.59,40.71,41.49,Poor,42,Normal,4,High,1,Normal
Zone D,0.92,6.53,30.01,41.05,Poor,16,Normal,3,Low,1,Normal
Zone C,1.49,22.41,26.6,71.05,Reduced,40,Normal,3,High,1,Normal
Zone B,0.48,24.64,36.94,59.03,Poor,41,Normal,3,High,1,Normal
Zone C,1.09,19.86,26.26,47.39,Good,32,Normal,3,Medium,1,Normal
Zone C,0.49,28.48,39.45,43.91,Normal,39,Normal,4,High,1,Normal
Zone C,1.36,27.0,34.75,41.86,Reduced,30,Normal,3,High,1,Normal
Zone A,0.68,23.36,35.24,57.66,Reduced,45,Fault,1,High,1,Normal
Zone B,1.75,27.1,27.42,45.64,Normal,27,Fault,3,High,1,Normal
Zone E,2.39,17.07,34.46,68.62,Normal,10,Normal,3,Medium,1,Normal
Zone D,0.58,23.75,26.65,52.77,Poor,35,Fault,4,High,1,Normal
Zone E,1.08,7.63,26.8,85.78,Normal,8,Normal,0,Low,1,Normal
Zone A,1.52,9.39,38.59,59.53,Reduced,23,Fault,2,High,1,Normal
Zone D,1.72,6.86,24.37,44.11,Good,39,Normal,4,Medium,-1,Anomaly
Zone B,1.16,24.48,44.46,59.13,Good,50,Normal,2,High,1,Normal
Zone B,0.64,18.31,33.88,56.35,Good,39,Normal,4,Medium,1,Normal
Zone A,1.12,25.12,28.5,78.19,Poor,39,Normal,1,High,1,Normal
Zone D,0.38,27.97,26.92,72.2,Normal,46,Normal,1,Low,1,Normal
Zone E,0.65,24.18,24.44,62.57,Good,38,Normal,2,Low,1,Normal
Zone D,1.57,25.0,25.05,86.65,Good,49,Normal,2,High,1,Normal
Zone B,0.71,17.38,44.98,59.05,Good,46,Normal,0,Low,1,Normal
Zone D,0.69,22.01,25.48,52.5,Normal,24,Normal,0,Low,1,Normal
Zone E,0.8,14.31,37.89,75.96,Good,44,Fault,3,Medium,1,Normal
Zone C,2.48,15.3,26.22,73.47,Good,44,Normal,4,Medium,1,Normal
Zone E,1.45,22.71,30.29,74.07,Good,30,Normal,4,Medium,1,Normal
Zone A,1.86,26.98,37.61,42.59,Poor,37,Normal,2,High,1,Normal
Zone B,1.85,17.96,27.52,89.94,Good,5,Normal,3,Medium,-1,Anomaly
Zone D,0.28,5.46,38.95,78.22,Normal,31,Normal,0,Low,1,Normal
Zone C,1.66,10.36,30.14,42.86,Poor,25,Normal,1,Medium,1,Normal
Zone C,2.06,27.07,27.31,53.63,Good,19,Normal,4,Medium,1,Normal
Zone E,2.11,15.79,29.14,55.06,Good,24,Normal,2,Medium,1,Normal
Zone B,2.04,11.58,37.73,74.55,Reduced,9,Normal,0,Medium,1,Normal
Zone B,0.31,21.84,26.5,61.2,Good,46,Normal,1,Low,1,Normal
Zone E,1.45,11.66,37.42,76.26,Poor,30,Fault,3,High,1,Normal
Zone B,1.59,4.29,32.34,77.81,Reduced,29,Fault,2,High,1,Normal
Zone B,0.6,27.64,29.81,83.56,Good,8,Normal,1,Medium,1,Normal
Zone A,1.67,18.94,32.24,51.92,Poor,25,Fault,3,High,1,Normal
Zone B,2.24,25.2,42.51,54.27,Poor,30,Normal,0,High,1,Normal
Zone B,0.79,26.86,30.88,84.24,Reduced,37,Normal,3,Medium,1,Normal
Zone B,1.98,2.72,41.55,78.63,Poor,28,Normal,1,High,1,Normal
Zone D,2.07,25.7,32.18,53.13,Reduced,25,Normal,1,Medium,1,Normal
Zone A,0.95,12.08,35.38,68.98,Normal,49,Normal,0,Low,1,Normal
Zone B,1.39,17.16,44.3,78.81,Reduced,25,Normal,1,High,1,Normal
Zone D,1.13,22.11,26.08,49.15,Reduced,26,Normal,1,Medium,1,Normal
Zone E,0.26,28.02,35.84,78.92,Good,28,Normal,4,Medium,1,Normal
Zone C,0.39,22.35,28.18,83.32,Reduced,5,Normal,0,Medium,-1,Anomaly
Zone A,1.87,13.71,26.65,73.44,Normal,49,Normal,3,Medium,1,Normal
Zone C,0.5,4.03,44.02,81.24,Normal,43,Normal,1,Medium,1,Normal
Zone A,2.16,24.4,29.43,88.68,Poor,35,Fault,1,High,1,Normal
Zone B,0.64,15.97,31.28,67.65,Reduced,35,Fault,3,Medium,1,Normal
Zone B,2.14,7.59,44.85,88.22,Reduced,17,Normal,0,Medium,-1,Anomaly
Zone A,0.29,17.85,35.94,46.24,Poor,37,Fault,0,High,1,Normal
Zone A,0.85,8.6,24.7,89.39,Reduced,48,Normal,2,Medium,-1,Anomaly
Zone D,1.11,4.27,38.84,54.89,Good,12,Normal,4,Medium,1,Normal
Zone E,0.94,28.19,31.0,62.97,Good,14,Normal,1,Low,1,Normal
Zone B,0.73,19.54,44.27,80.76,Reduced,6,Fault,2,High,1,Normal
Zone B,1.84,6.57,43.73,87.81,Reduced,19,Fault,1,High,1,Normal
Zone E,0.86,23.85,33.37,81.39,Reduced,49,Normal,1,Medium,1,Normal
Zone D,0.58,5.11,36.01,82.72,Reduced,44,Normal,4,Medium,1,Normal
Zone A,2.21,16.38,24.06,66.74,Poor,26,Fault,2,High,1,Normal
Zone D,1.79,17.97,25.01,89.44,Reduced,41,Fault,3,High,1,Normal
Zone E,2.4,21.64,31.3,61.81,Poor,22,Normal,0,High,1,Normal
Zone B,1.73,15.17,27.15,62.98,Poor,7,Normal,3,High,1,Normal
Zone E,2.1,14.08,42.46,53.33,Good,45,Fault,1,High,1,Normal
Zone A,2.15,18.09,32.66,63.52,Poor,12,Fault,4,High,1,Normal
Zone C,2.31,18.52,29.34,61.5,Normal,31,Normal,1,Medium,1,Normal
Zone C,0.45,28.43,43.23,50.85,Poor,40,Normal,3,High,1,Normal
Zone E,0.69,5.54,36.09,51.1,Good,33,Normal,1,Low,1,Normal
Zone D,2.05,9.78,32.33,60.47,Poor,37,Normal,1,Medium,1,Normal
Zone B,2.07,18.27,44.39,73.57,Normal,38,Normal,0,Medium,1,Normal
Zone D,2.08,4.43,41.97,50.1,Reduced,7,Normal,2,Medium,1,Normal
Zone E,1.59,21.35,37.59,66.8,Reduced,20,Normal,2,High,1,Normal
Zone A,0.67,8.4,33.54,46.45,Reduced,46,Normal,0,Low,1,Normal
Zone B,2.36,11.93,34.62,59.68,Poor,47,Normal,1,High,1,Normal
Zone C,1.78,4.34,28.07,63.08,Poor,25,Normal,2,Medium,1,Normal
Zone D,2.16,17.64,43.76,89.87,Poor,37,Normal,1,High,1,Normal
Zone B,2.22,5.22,36.1,78.92,Normal,17,Normal,1,Medium,1,Normal
Zone A,2.05,24.07,32.91,44.16,Reduced,17,Normal,0,Medium,1,Normal
Zone B,1.84,14.9,37.13,79.78,Good,41,Normal,0,Medium,1,Normal
Zone C,1.5,7.61,25.04,84.86,Normal,41,Normal,1,Medium,1,Normal
Zone A,1.43,29.66,26.8,62.16,Reduced,34,Normal,2,Medium,1,Normal
Zone D,0.32,22.77,41.32,75.17,Normal,8,Normal,2,Medium,1,Normal
Zone A,0.95,24.42,27.45,84.96,Good,15,Normal,2,Low,1,Normal
Zone E,2.03,7.25,39.96,66.96,Normal,15,Normal,3,Medium,1,Normal
Zone C,1.75,24.23,27.73,57.29,Reduced,21,Normal,3,High,1,Normal
Zone B,0.41,12.0,25.0,54.98,Normal,41,Normal,3,Low,1,Normal
Zone E,1.06,10.65,28.11,58.44,Good,10,Normal,4,Medium,1,Normal
Zone A,1.09,10.24,43.32,79.46,Normal,16,Fault,0,Medium,1,Normal
Zone A,1.9,18.5,43.27,77.72,Good,7,Normal,4,High,-1,Anomaly
Zone A,0.32,22.54,32.41,53.03,Good,22,Normal,1,Low,1,Normal
Zone E,2.29,3.0,33.84,66.69,Reduced,5,Fault,4,High,-1,Anomaly
Zone B,0.93,7.04,43.33,76.36,Poor,23,Normal,3,Medium,1,Normal
Zone D,2.4,27.15,24.81,42.47,Reduced,8,Normal,3,High,-1,Anomaly
Zone C,0.43,26.62,34.33,58.83,Poor,7,Normal,0,Medium,1,Normal
Zone A,2.34,24.5,24.53,58.53,Reduced,35,Normal,2,High,1,Normal
Zone C,0.44,4.98,38.01,77.22,Good,26,Normal,3,Medium,1,Normal
Zone A,2.15,6.77,24.1,54.95,Normal,43,Normal,4,Medium,-1,Anomaly
Zone D,0.79,8.08,35.7,74.16,Normal,26,Normal,4,Medium,1,Normal
Zone A,0.31,3.65,32.27,71.45,Normal,34,Normal,1,Low,1,Normal
Zone A,0.43,23.24,28.36,69.97,Poor,34,Fault,0,Medium,1,Normal
Zone C,2.47,11.13,27.51,49.8,Reduced,28,Normal,2,Medium,1,Normal
Zone D,1.5,15.87,28.4,44.23,Poor,39,Normal,4,High,1,Normal
Zone E,1.42,4.0,32.29,49.15,Poor,19,Fault,3,High,1,Normal
Zone C,0.38,12.91,36.07,49.97,Reduced,24,Normal,3,Medium,1,Normal
Zone A,1.66,9.46,27.86,42.89,Reduced,20,Normal,4,Medium,1,Normal
Zone D,0.41,18.81,28.1,58.77,Reduced,11,Fault,2,Medium,1,Normal
Zone B,1.06,14.47,41.76,73.37,Normal,44,Normal,4,High,1,Normal
Zone A,0.54,17.57,26.31,69.02,Good,49,Fault,3,Medium,1,Normal
Zone E,0.27,11.58,42.42,81.32,Reduced,35,Fault,1,High,1,Normal
Zone A,0.66,4.98,30.3,54.5,Normal,13,Fault,2,Low,1,Normal
Zone A,2.01,27.33,44.59,60.34,Good,17,Fault,0,High,1,Normal
Zone E,0.97,4.21,35.9,76.64,Reduced,25,Normal,1,Medium,1,Normal
Zone C,0.91,22.21,41.48,56.04,Good,37,Normal,0,Medium,1,Normal
Zone D,1.17,16.51,34.63,71.53,Good,37,Normal,3,Medium,1,Normal
Zone D,1.12,10.45,38.97,50.97,Reduced,12,Fault,0,High,1,Normal
Zone D,1.77,26.64,30.19,62.81,Poor,42,Normal,3,High,1,Normal
Zone E,0.69,24.71,42.58,84.13,Normal,29,Normal,2,Medium,1,Normal
Zone A,0.59,7.77,25.15,85.59,Normal,12,Fault,2,Medium,1,Normal
Zone C,2.23,12.94,24.06,46.9,Good,40,Fault,3,High,1,Normal
Zone B,2.15,25.69,29.55,60.34,Good,30,Fault,3,High,1,Normal
Zone E,2.36,22.28,31.75,79.71,Normal,15,Fault,1,High,1,Normal
Zone B,1.17,4.64,29.28,85.77,Poor,7,Normal,4,High,-1,Anomaly
Zone B,1.86,4.41,24.21,58.96,Reduced,23,Normal,2,Medium,1,Normal
Zone D,0.25,12.81,43.45,71.0,Normal,35,Normal,3,Medium,1,Normal
Zone A,2.08,12.07,31.16,60.56,Normal,48,Fault,3,High,1,Normal
Zone A,2.31,7.95,34.94,65.05,Good,44,Fault,3,Medium,1,Normal
Zone E,1.54,8.98,25.95,85.18,Normal,25,Normal,3,Medium,1,Normal
Zone C,0.79,6.36,42.92,73.32,Reduced,31,Normal,0,Low,1,Normal
Zone B,1.95,28.38,31.19,89.57,Reduced,40,Fault,3,High,1,Normal
Zone A,2.17,27.34,29.32,53.65,Reduced,32,Fault,4,High,1,Normal
Zone C,2.22,23.26,44.32,88.37,Normal,32,Normal,3,High,1,Normal
Zone E,1.13,26.92,31.96,42.9,Good,40,Normal,1,Medium,1,Normal
Zone A,2.25,18.12,32.08,61.27,Poor,48,Normal,4,High,1,Normal
Zone C,0.3,25.2,25.79,55.14,Reduced,36,Normal,2,Medium,1,Normal
Zone E,1.16,23.19,35.21,44.61,Reduced,29,Normal,1,High,1,Normal
Zone E,1.37,29.29,34.59,59.34,Reduced,25,Normal,1,Medium,1,Normal
Zone B,0.49,27.68,41.63,59.44,Good,30,Normal,2,Medium,1,Normal
Zone C,1.73,9.58,40.42,56.25,Normal,18,Fault,1,Medium,1,Normal
Zone B,1.42,9.29,35.77,72.83,Poor,29,Normal,3,Medium,1,Normal
Zone D,0.67,27.01,36.22,85.7,Poor,32,Normal,3,High,1,Normal
Zone E,2.26,5.85,39.42,47.97,Poor,7,Normal,4,High,-1,Anomaly
Zone D,0.43,22.91,26.2,63.31,Poor,14,Fault,4,High,1,Normal
Zone D,0.7,10.82,27.11,70.75,Reduced,25,Normal,0,Low,1,Normal
Zone E,1.89,18.65,36.98,52.43,Normal,11,Normal,3,Medium,1,Normal
Zone B,1.14,23.93,31.63,78.73,Reduced,39,Normal,4,High,1,Normal
Zone B,0.91,19.93,31.17,57.53,Normal,43,Fault,1,Medium,1,Normal
Zone B,2.25,26.28,37.43,47.68,Poor,13,Normal,1,High,1,Normal
Zone B,1.33,27.58,31.46,45.19,Poor,34,Normal,4,High,1,Normal
Zone B,2.38,27.22,24.84,82.54,Reduced,34,Fault,0,High,-1,Anomaly
Zone A,2.23,27.43,44.51,84.21,Poor,14,Normal,3,High,-1,Anomaly
Zone E,1.87,15.9,24.51,71.69,Normal,20,Normal,4,Medium,1,Normal
Zone E,1.88,16.44,37.34,73.11,Poor,41,Normal,0,High,1,Normal
Zone B,1.58,25.38,35.66,80.2,Reduced,21,Fault,3,High,1,Normal
Zone D,0.38,9.15,31.06,72.16,Normal,35,Normal,0,Low,1,Normal
Zone A,1.82,6.21,39.55,74.38,Good,25,Fault,2,Medium,1,Normal
Zone E,2.09,11.61,30.57,60.16,Reduced,14,Normal,0,Medium,1,Normal
Zone B,0.38,10.96,24.46,67.65,Good,16,Normal,2,Low,1,Normal
Zone B,0.73,9.15,27.82,77.75,Normal,29,Fault,4,Medium,1,Normal
Zone C,0.63,3.15,26.89,54.39,Normal,9,Fault,1,Low,1,Normal
Zone C,2.24,20.28,35.2,72.91,Good,17,Normal,4,High,1,Normal
Zone D,1.88,5.01,35.03,84.57,Reduced,14,Normal,0,Medium,1,Normal
Zone D,0.69,24.88,30.99,61.62,Reduced,41,Normal,0,Medium,1,Normal
Zone A,0.97,2.86,24.11,69.9,Good,8,Normal,4,Low,-1,Anomaly
Zone E,2.28,9.82,42.65,58.83,Reduced,32,Normal,0,Medium,1,Normal
Zone B,2.4,18.06,34.69,79.12,Normal,44,Fault,1,High,1,Normal
Zone D,0.21,5.04,29.98,61.29,Reduced,14,Normal,2,Low,1,Normal
Zone E,1.21,4.41,40.93,41.63,Normal,24,Normal,1,Medium,1,Normal
Zone D,2.13,3.26,33.32,57.58,Normal,7,Fault,3,Medium,1,Normal
Zone B,0.91,29.08,27.19,56.84,Poor,34,Normal,2,Medium,1,Normal
Zone E,0.54,10.43,28.23,71.1,Reduced,24,Normal,3,Low,1,Normal
Zone C,0.66,14.49,31.38,67.37,Good,31,Fault,0,Low,1,Normal
Zone A,2.46,19.96,36.2,59.61,Good,35,Normal,4,Medium,1,Normal
Zone C,2.26,18.82,27.24,61.79,Good,19,Fault,2,Medium,1,Normal
Zone B,0.87,9.91,37.08,41.06,Normal,41,Normal,0,Low,1,Normal
Zone C,0.93,26.87,32.15,48.8,Reduced,25,Normal,2,Medium,1,Normal
Zone D,1.54,20.73,44.92,77.47,Normal,42,Normal,1,High,1,Normal
Zone B,1.17,8.29,28.38,89.14,Poor,19,Fault,1,High,1,Normal
Zone D,1.31,9.46,30.82,76.98,Good,44,Normal,2,Medium,1,Normal
Zone A,1.6,27.14,28.74,71.12,Normal,16,Normal,2,Medium,1,Normal
Zone B,0.79,2.53,33.94,85.23,Good,10,Fault,0,Low,1,Normal
Zone B,2.36,3.72,43.13,51.08,Good,47,Normal,1,Medium,-1,Anomaly
Zone B,1.88,27.42,38.46,77.92,Normal,18,Fault,1,High,1,Normal
Zone A,2.42,23.98,32.99,72.01,Poor,21,Normal,2,High,1,Normal
Zone C,1.83,29.81,26.7,72.48,Normal,23,Normal,4,High,1,Normal
Zone B,1.25,25.68,31.25,75.35,Reduced,20,Normal,4,High,1,Normal
Zone E,2.03,3.59,26.25,55.54,Normal,23,Normal,2,Medium,1,Normal
Zone B,1.17,5.64,37.48,73.51,Poor,8,Fault,2,High,1,Normal
Zone B,1.65,18.48,25.28,64.93,Reduced,12,Fault,2,High,1,Normal
Zone B,0.55,26.01,30.02,58.5,Poor,22,Normal,2,Medium,1,Normal
Zone D,2.17,29.29,32.92,89.59,Reduced,45,Normal,1,High,1,Normal
Zone D,1.83,24.99,41.94,65.37,Normal,30,Normal,4,High,1,Normal
Zone D,0.41,24.87,32.24,87.42,Good,24,Normal,2,Low,1,Normal
Zone E,0.85,20.67,35.05,64.78,Good,28,Normal,2,Low,1,Normal
Zone C,1.73,12.88,32.82,71.73,Good,36,Normal,2,Medium,1,Normal
Zone D,0.33,22.84,41.72,53.75,Poor,42,Fault,4,High,1,Normal
Zone E,1.26,27.54,24.15,48.05,Reduced,6,Normal,0,Medium,-1,Anomaly
Zone D,1.87,12.11,42.81,56.83,Normal,38,Normal,1,Medium,1,Normal
Zone E,0.83,5.34,27.19,84.91,Reduced,45,Normal,1,Low,1,Normal
Zone C,2.41,24.5,30.59,58.81,Poor,13,Normal,1,High,1,Normal
Zone E,0.94,25.02,32.1,73.84,Poor,39,Fault,0,Medium,1,Normal
Zone D,0.46,9.93,28.72,46.09,Reduced,39,Normal,1,Low,1,Normal
Zone D,1.46,21.71,34.34,76.83,Good,20,Normal,2,Medium,1,Normal
Zone C,1.8,22.81,28.99,50.01,Good,34,Normal,4,High,1,Normal
Zone C,1.77,10.17,29.17,64.7,Poor,24,Normal,4,High,1,Normal
Zone D,0.7,20.76,43.41,82.34,Normal,6,Normal,0,Medium,1,Normal
Zone E,0.2,6.33,30.44,73.62,Poor,35,Normal,0,Low,1,Normal
Zone A,2.41,5.82,37.53,44.32,Good,35,Normal,0,Medium,-1,Anomaly
Zone E,1.02,26.19,44.29,42.57,Poor,26,Normal,2,High,1,Normal
Zone A,2.05,11.83,25.45,64.83,Normal,30,Normal,3,Medium,1,Normal
Zone B,0.69,13.78,41.38,48.34,Good,33,Normal,0,Low,1,Normal
Zone C,1.33,28.52,40.62,63.59,Poor,8,Normal,0,High,1,Normal
Zone A,0.22,18.01,43.23,77.96,Poor,35,Normal,1,Medium,1,Normal
Zone C,1.46,17.99,36.65,54.54,Reduced,44,Normal,1,Medium,1,Normal
Zone B,1.48,13.24,24.12,60.54,Reduced,19,Normal,4,Medium,1,Normal
Zone D,1.3,13.79,35.49,58.15,Poor,15,Normal,4,High,1,Normal
Zone C,1.8,3.56,33.17,88.46,Reduced,28,Normal,2,High,1,Normal
Zone D,0.2,18.02,44.07,87.67,Reduced,36,Fault,4,High,-1,Anomaly
Zone C,2.45,29.0,41.73,59.3,Reduced,11,Normal,2,High,-1,Anomaly
Zone D,0.61,28.38,33.84,53.8,Normal,33,Normal,0,Low,1,Normal
Zone C,1.6,5.77,39.09,80.09,Reduced,50,Normal,1,High,1,Normal
Zone A,0.65,10.71,43.67,56.03,Good,29,Normal,1,Low,1,Normal
Zone C,1.53,26.18,31.32,48.35,Poor,50,Normal,4,High,1,Normal
Zone C,0.85,20.93,24.57,65.19,Poor,41,Normal,1,Medium,1,Normal
Zone E,0.75,2.23,38.7,66.1,Poor,18,Normal,1,Medium,1,Normal
Zone A,0.55,13.43,24.67,82.85,Good,41,Normal,0,Low,1,Normal
Zone E,1.81,22.19,34.1,70.08,Good,38,Normal,0,Medium,1,Normal
Zone E,1.19,7.82,35.14,86.79,Normal,49,Normal,1,Medium,1,Normal
Zone B,1.06,8.9,29.44,45.54,Poor,15,Normal,4,Medium,1,Normal
Zone D,1.22,2.86,27.54,86.84,Normal,38,Normal,0,Medium,-1,Anomaly
Zone B,1.86,5.59,44.21,42.49,Reduced,13,Fault,4,High,-1,Anomaly
Zone B,2.28,11.32,32.61,81.44,Good,39,Fault,0,Medium,1,Normal
Zone A,1.66,5.45,32.52,89.98,Poor,45,Normal,2,High,1,Normal
Zone D,1.54,12.87,30.47,52.03,Normal,29,Fault,0,Medium,1,Normal
Zone A,2.29,6.63,25.6,70.03,Good,12,Fault,4,Medium,1,Normal
Zone D,1.44,7.97,25.55,48.33,Normal,49,Normal,2,Low,1,Normal
Zone D,1.06,23.38,34.95,70.99,Poor,25,Normal,4,High,1,Normal
Zone D,1.72,8.23,30.24,65.32,Reduced,32,Normal,3,Medium,1,Normal
Zone E,1.04,6.55,39.27,60.29,Poor,18,Normal,3,High,1,Normal
Zone B,2.38,6.62,25.16,59.46,Reduced,24,Fault,1,Medium,1,Normal
Zone E,2.33,26.98,42.34,49.9,Good,49,Normal,4,High,-1,Anomaly
Zone C,2.03,6.66,39.34,66.24,Reduced,41,Fault,3,High,1,Normal
Zone A,2.01,16.14,37.75,77.58,Normal,36,Normal,2,High,1,Normal
Zone E,2.24,6.29,40.01,50.55,Good,13,Normal,2,Medium,1,Normal
Zone B,1.81,20.61,26.21,80.49,Reduced,27,Normal,3,High,1,Normal
Zone A,1.36,29.69,37.46,46.05,Good,20,Normal,1,Medium,1,Normal
Zone B,0.34,22.61,43.63,44.26,Reduced,21,Fault,2,High,1,Normal
Zone E,1.49,27.96,34.96,88.6,Poor,21,Fault,0,High,1,Normal
Zone C,0.2,8.48,31.44,78.86,Good,47,Normal,2,Low,1,Normal
Zone E,1.77,4.85,26.13,57.55,Poor,20,Normal,0,Medium,1,Normal
Zone D,0.46,5.38,35.61,63.19,Poor,9,Normal,4,Medium,1,Normal
Zone E,0.61,10.32,42.33,48.55,Normal,25,Fault,4,Medium,1,Normal
Zone B,1.55,11.45,26.88,65.09,Poor,20,Normal,1,Medium,1,Normal
Zone D,0.34,17.96,40.3,73.91,Poor,31,Normal,2,Medium,1,Normal
